;
;
;=====================================================
; ADP = Ammonium Dihydrogen Phosphate (NH4H2PO4)
; Space group: #122, I-42d,  Density: 1.80 g/cm3 (Wikipedia)
;--------------------------------------------------------------------------
; Source: http://rruff.geo.arizona.edu/AMS
; A.A.Khan, W.H.Baur "Refinement of the crystal structures of ammonium
; dihydrogen phosphate and ammonium dihydrogen arsenate",
; Acta Crystallographica B29 (1973) 2721-2726
;
; Database_code_amcsd 0009493
; 7.4997 7.4997 7.5494 90 90 90 I-42d
; atom     x     y     z occ Biso B(1,1) B(2,2) B(3,3) B(1,2) B(1,3) B(2,3)
; P        0     0     0           .0055  .0055  .0084      0      0      0
; N        0     0    .5           .0110  .0110  .0088      0      0      0
; O    .0843 .1466 .1151           .0075  .0083  .0118  .0013 -.0022 -.0037
; H(n) -.002  .089  .563      2.8
; H(o)   .25  .150  .125  .5    5
; Submitted by Elisa Buffagni, CNR
;--------------------------------------------------------------------------
#ADP
5, 3
7.530, 7.542
P
 4
  0.0000   0.0000   0.0000
  0.5000   0.0000   0.7500
  0.5000   0.5000   0.5000
  0.0000   0.5000   0.2500
N
 4
  0.0000   0.0000   0.5000
  0.5000   0.0000   0.2500
  0.5000   0.5000   0.0000
  0.0000   0.5000   0.7500
O
 16
  0.0843   0.1466   0.1151
  0.9157   0.8534   0.1151
  0.1466   0.9157   0.8849
  0.8534   0.0843   0.8849
  0.4157   0.1466   0.6349
  0.5843   0.8534   0.6349
  0.3534   0.9157   0.8651
  0.6466   0.0843   0.8651
  0.5843   0.6466   0.6151
  0.4157   0.3534   0.6151
  0.6466   0.4157   0.3849
  0.3534   0.5843   0.3849
  0.9157   0.6466   0.1349
  0.0843   0.3534   0.1349
  0.8534   0.4157   0.3651
  0.1466   0.5843   0.3651
H                               ;occupation = 1
 16
  0.9980   0.0890   0.5630
  0.0020   0.9110   0.5630
  0.0890   0.0020   0.4370
  0.9110   0.9980   0.4370
  0.5020   0.0890   0.1870
  0.4980   0.9110   0.1870
  0.4110   0.0020   0.3130
  0.5890   0.9980   0.3130
  0.4980   0.5890   0.0630
  0.5020   0.4110   0.0630
  0.5890   0.5020   0.9370
  0.4110   0.4980   0.9370
  0.0020   0.5890   0.6870
  0.9980   0.4110   0.6870
  0.9110   0.5020   0.8130
  0.0890   0.4980   0.8130
H                               ;occupation = 0.5
 16, 0.5
  0.2500   0.1500   0.1250
  0.7500   0.8500   0.1250
  0.1500   0.7500   0.8750
  0.8500   0.2500   0.8750
  0.2500   0.1500   0.6250
  0.7500   0.8500   0.6250
  0.3500   0.7500   0.8750
  0.6500   0.2500   0.8750
  0.7500   0.6500   0.6250
  0.2500   0.3500   0.6250
  0.6500   0.2500   0.3750
  0.3500   0.7500   0.3750
  0.7500   0.6500   0.1250
  0.2500   0.3500   0.1250
  0.8500   0.2500   0.3750
  0.1500   0.7500   0.3750
