;
;
;=====================================================
; Beryl [Al2 Be3 (SiO3)6] -- a hexagonal structure (DABAX data).
; ----------------------
#Beril
5, 2
 9.088, 9.1896
Al
4
  0.6667,  0.3333,  0.25
  0.3333,  0.6667,  0.25
  0.6667,  0.3333,  0.75
  0.3333,  0.6667,  0.75
Be
6
  0.5,     0.0,     0.25
  0.0,     0.5,     0.25
  0.5,     0.5,     0.25
  0.5,     0.0,     0.75
  0.0,     0.5,     0.75
  0.5,     0.5,     0.75
Si
12
  0.3875,  0.1159,  0.0
 -0.3875, -0.1159,  0.0
  0.2716,  0.3875 , 0.0
 -0.2716, -0.3875,  0.0
  0.1159, -0.2716,  0.0
 -0.1159,  0.2716,  0.0
  0.3875,  0.1159,  0.5
 -0.3875, -0.1159,  0.5
  0.2716,  0.3875,  0.5
 -0.2716, -0.3875,  0.5
  0.1159, -0.2716,  0.5
 -0.1159,  0.2716,  0.5
O
18
  0.3100,  0.2366,  0.0
 -0.3100, -0.2366,  0.0
  0.0734,  0.3100,  0.0
 -0.0734, -0.3100,  0.0
  0.2366, -0.0734,  0.0
 -0.2366,  0.0734,  0.0
  0.3100,  0.2366,  0.5
 -0.3100, -0.2366,  0.5
  0.0734,  0.3100,  0.5
 -0.0734, -0.3100,  0.5
  0.2366, -0.0734,  0.5
 -0.2366,  0.0734,  0.5
  0.4988,  0.1455,  0.1453
 -0.4988, -0.1455,  0.1453
  0.3533,  0.4988,  0.1453
 -0.3533, -0.4988,  0.1453
 -0.1455,  0.3533,  0.1453
  0.1455, -0.3533,  0.1453
O
18
  0.4988,  0.1455,  0.6453
 -0.4988, -0.1455,  0.6453
  0.3533,  0.4988,  0.6453
 -0.3533, -0.4988,  0.6453
 -0.1455,  0.3533,  0.6453
  0.1455, -0.3533,  0.6453
  0.4988,  0.3533,  0.3547
  0.1455,  0.4988,  0.3547
 -0.3533,  0.1455,  0.3547
  0.3533, -0.1455,  0.3547
 -0.4988, -0.3533,  0.3547
 -0.1455, -0.4988,  0.3547
  0.4988,  0.3533,  0.8547
  0.1455,  0.4988,  0.8547
 -0.3533,  0.1455,  0.8547
  0.3533, -0.1455,  0.8547
 -0.4988, -0.3533,  0.8547
 -0.1455, -0.4988,  0.8547
