;
;=====================================================
; C8H5KO4
; Source:
; https://scripts.iucr.org/cgi-bin/paper?S1600576721007366
; Symmetry group=029 Pca21, Density=1.6395g/cm3, Z=4
; Syngony=Orthorhombic (5)
; Submitted by Eduard Ibragimov
; IP=83.149.241.254 (host=..crys.ras.ru)
; -------------------------------------------------------------------------
#C8H5KO4
 4, 5                                   ;Nr_of_components, Syngony_number (5=Orthorhombic)
9.6017, 13.3049, 6.46650                ;Lattice_constant(s): a,b,c
C                                       ;Atom_name
 32, 1                                  ;Nr_of_positions, Occupation
 0.0472, 0.9502, 0.5977
 0.0580, 0.7586, 0.7703
 0.0591, 0.2107, 0.1589
 0.0630, 0.1154, 0.0722
 0.0686, 0.6572, 0.8736
 0.1627, 0.9202, 0.7084
 0.1686, 0.8251, 0.7921
 0.1775, 0.2823, 0.1288
 0.3225, 0.2823, 0.6288
 0.3314, 0.8251, 0.2921
 0.3373, 0.9202, 0.2084
 0.4314, 0.6572, 0.3736
 0.4370, 0.1154, 0.5722
 0.4409, 0.2107, 0.6589
 0.4420, 0.7586, 0.2703
 0.4528, 0.9502, 0.0977
 0.5472, 0.0498, 0.5977
 0.5580, 0.2414, 0.7703
 0.5591, 0.7893, 0.1589
 0.5630, 0.8846, 0.0722
 0.5686, 0.3428, 0.8736
 0.6627, 0.0798, 0.7084
 0.6686, 0.1749, 0.7921
 0.6775, 0.7177, 0.1288
 0.8225, 0.7177, 0.6288
 0.8314, 0.1749, 0.2921
 0.8373, 0.0798, 0.2084
 0.9314, 0.3428, 0.3736
 0.9370, 0.8846, 0.5722
 0.9409, 0.7893, 0.6589
 0.9420, 0.2414, 0.2703
 0.9528, 0.0498, 0.0977
H                                       ;Atom_name
 20, 1                                  ;Nr_of_positions, Occupation
 0.7484, 0.1966, 0.8630
 0.5412, 0.9839, 0.5440
 0.1250, 0.2771, 0.5950
 0.7388, 0.0356, 0.7220
 0.3557, 0.0992, 0.5030
 0.2516, 0.8034, 0.3630
 0.7516, 0.1966, 0.3630
 0.2484, 0.8034, 0.8630
 0.4588, 0.0161, 0.0440
 0.9588, 0.9839, 0.0440
 0.0412, 0.0161, 0.5440
 0.8750, 0.7229, 0.0950
 0.3750, 0.2771, 0.0950
 0.6250, 0.7229, 0.5950
 0.2612, 0.9644, 0.2220
 0.7612, 0.0356, 0.2220
 0.2388, 0.9644, 0.7220
 0.6443, 0.9008, 0.0030
 0.1443, 0.0992, 0.0030
 0.8557, 0.9008, 0.5030
K                                       ;Atom_name
 4, 1                                   ;Nr_of_positions, Occupation
 0.4015, 0.5389, 0.8853
 0.5985, 0.4611, 0.3853
 0.0985, 0.5389, 0.3853
 0.9015, 0.4611, 0.8853
O                                       ;Atom_name
 16, 1                                  ;Nr_of_positions, Occupation
 0.3387, 0.3728, 0.6170
 0.2018, 0.2370, 0.6152
 0.6449, 0.4069, 0.7932
 0.4999, 0.3561, 0.0384
 0.6613, 0.6272, 0.1170
 0.1613, 0.3728, 0.1170
 0.8387, 0.6272, 0.6170
 0.7982, 0.7630, 0.1152
 0.2982, 0.2370, 0.1152
 0.7018, 0.7630, 0.6152
 0.3551, 0.5931, 0.2932
 0.8551, 0.4069, 0.2932
 0.1449, 0.5931, 0.7932
 0.5001, 0.6439, 0.5384
 0.0000, 0.3561, 0.5384
 0.0000, 0.6439, 0.0384
