;
;
;=====================================================
; C9H10N2 organic crystal structure
; Data are due to Dr. Markus Braun, LMU Munchen
; and Dr.Peter Gilch, LMU Munchen
; Structure data was taken from Heine et al, Acta Cryst. B 50, 363-373, 1994
; The space group is #14 P121/c1 (P21/c), monoclinic, Z=4.
; ATTENTION: H-atoms positions are not known from sthe tructure data
;            and therefore are SKIPPED here!
#C9H10N2
 3, 6
6.3250, 7.9170, 17.0260, 90.950
C
 18
  0.1289,  0.0793,  0.7837
  0.1289,  0.4207,  0.2837
  0.1672,  0.2191,  0.5740
  0.1970,  0.1584,  0.7148
  0.1970,  0.3416,  0.2148
  0.2467,  0.0857,  0.8519
  0.2467,  0.4143,  0.3519
  0.3890,  0.2451,  0.7191
  0.4366,  0.1728,  0.8556
  0.5052,  0.2515,  0.7876
  0.5622,  0.1795,  0.9259
  0.7533,  0.5857,  0.6481
  0.7533,  0.9143,  0.1481
  0.8030,  0.6584,  0.7852
  0.8030,  0.8416,  0.2852
  0.8711,  0.5793,  0.7163
  0.8711,  0.9207,  0.2163
  0.8957,  0.0484,  0.6388  ;-0.10430,  0.04840,  0.63880
C
 18
  0.1043,  0.5484,  0.8612  ; 0.1043,  0.5484,  0.8612
  0.1043,  0.9516,  0.3612  ; 0.1043,  0.9516,  0.3612
  0.1672,  0.2809,  0.0740
  0.3890,  0.2549,  0.2191
  0.4366,  0.3272,  0.3556
  0.4378,  0.6795,  0.5741
  0.4378,  0.8205,  0.0741
  0.4948,  0.7485,  0.2124
  0.4948,  0.7515,  0.7124
  0.5052,  0.2485,  0.2876
  0.5622,  0.3205,  0.4259
  0.5634,  0.6728,  0.6444
  0.5634,  0.8272,  0.1444
  0.6110,  0.7451,  0.7809
  0.6110,  0.7549,  0.2809
  0.8328,  0.7191,  0.9260
  0.8328,  0.7809,  0.4260
  0.8957,  0.4516,  0.1388  ;-0.1043,  0.4516,  0.1388
N
  8
  0.0812,  0.1528,  0.6455
  0.0812,  0.3472,  0.1455
  0.3314,  0.6878,  0.5192
  0.3314,  0.8122,  0.0192
  0.6686,  0.1878,  0.9808
  0.6686,  0.3122,  0.4808
  0.9188,  0.6528,  0.8545
  0.9188,  0.8472,  0.3545
