;
;
;=====================================================
; Co2TiSi - Cobalt Titan Silicide, structure type L2_1, #216,
; J. Magn. Mater.(1983) 38, 1-22
; Submitted by Bernd Jenichen 9/2013
;-------------------------
#Co2TiSi
3, 0
5.743, 0.333
Co
 8
 0.00, 0.00, 0.00
 0.00, 0.00, 0.50
 0.00, 0.50, 0.00
 0.00, 0.50, 0.50
 0.50, 0.00, 0.00
 0.50, 0.00, 0.50
 0.50, 0.50, 0.00
 0.50, 0.50, 0.50
Ti
 4
 0.25, 0.25, 0.75
 0.25, 0.75, 0.25
 0.75, 0.25, 0.25
 0.75, 0.75, 0.75
Si
 4
 0.25, 0.25, 0.25
 0.25, 0.75, 0.75
 0.75, 0.25, 0.75
 0.75, 0.75, 0.25
