;
;
;=====================================================
; CsH(2)PO(4) - symmetry: P2/1m (No 11), (Z=2)
; --------------------------------------------
#CsH2PO4
 6, 6
  7.912,  6.383,  4.880, 107.73
Cs
 2
 0.26569, 0.25000, 0.03541
 -.26569, 0.75000, -.03541
P
 2
 0.2370,  0.7500,  0.5293
 -.2370,  0.2500,  -.5293
O
 2
 0.3898,  0.7500,  0.3874
 -.3898,  0.2500,  -.3874
O
 2
 0.3222,  0.7500,  0.8447
 -.3222,  0.2500,  -.8447
O
 4
 0.1266,  0.5540,  0.4178
 -.1266,  0.0540,  -.4178
 -.1266,  0.4460,  -.4178
 0.1266,  0.9460,  0.4178
H
 4
 0.3480,  0.7500,  0.1950
 -.3480,  0.2500,  -.1950
 0.0000,  0.5000,  0.5000
 0.0000,  0.0000,  0.5000
