;
;=====================================================
; FeBO3
;  Symmetry group=167:H R-3c:H,  Density=4.2677g/cm3,  Z=6
;  Syngony=Hexagonal/Trigonal (2)
; Submitted by Anton Kulikov
;  IP=83.149.241.254 (host=..ikran.ru)
; -------------------------------------------------------------------------
#FeBO3
 3, 2                                   ;Nr_of_components, Syngony_number (2=Hexagonal/Trigonal)
4.6212, 14.473                          ;Lattice_constant(s): a,c
Fe                                      ;Atom_name
 6, 1                                   ;Nr_of_positions, Occupation
 0.0000, 0.0000, 0.0000
 0.0000, 0.0000, 0.5000
 0.6667, 0.3333, 0.3333
 0.6667, 0.3333, 0.8333
 0.3333, 0.6667, 0.6667
 0.3333, 0.6667, 0.1667
B                                       ;Atom_name
 6, 1                                   ;Nr_of_positions, Occupation
 0.0000, 0.0000, 0.2500
 0.0000, 0.0000, 0.7500
 0.6667, 0.3333, 0.5833
 0.6667, 0.3333, 0.0833
 0.3333, 0.6667, 0.9167
 0.3333, 0.6667, 0.4167
O                                       ;Atom_name
 18, 1                                  ;Nr_of_positions, Occupation
 0.2984, 0.0000, 0.2500
 0.0000, 0.2984, 0.2500
 0.7016, 0.7016, 0.2500
 0.7016, 0.0000, 0.7500
 0.0000, 0.7016, 0.7500
 0.2984, 0.2984, 0.7500
 0.9651, 0.3333, 0.5833
 0.6667, 0.6317, 0.5833
 0.3683, 0.0349, 0.5833
 0.3683, 0.3333, 0.0833
 0.6667, 0.0349, 0.0833
 0.9651, 0.6317, 0.0833
 0.6317, 0.6667, 0.9167
 0.3333, 0.9651, 0.9167
 0.0349, 0.3683, 0.9167
 0.0349, 0.6667, 0.4167
 0.3333, 0.3683, 0.4167
 0.6317, 0.9651, 0.4167
