;
;
;=====================================================
; Forsterite [Mg(2)SiO(4)] - symmetry: Pbnm (No 62,modified), (Z=4)
; --------------------------------------------------------
#Forsterite
 3, 5
  4.756, 10.195, 5.981
Mg
  8
   .0000,   .0000,   .0000
   .9900,   .2810,   .2500
   .5000,   .5000,   .5000
   .0000,   .0000,   .5000
   .5000,   .5000,   .0000
   .5100,   .7810,   .2500
   .0100,   .7190,   .7500
   .4900,   .2190,   .7500
Si
  4
   .4150,   .0950,   .2500
   .0850,   .5950,   .2500
   .5850,   .9050,   .7500
   .9150,   .4050,   .7500
O
 16
   .7710,   .0830,   .2500
   .2210,   .4300,   .2500
   .2620,   .1520,   .0270
   .7290,   .5830,   .2500
   .2290,   .9170,   .7500
   .2710,   .4170,   .7500
   .2790,   .9300,   .2500
   .7790,   .5700,   .7500
   .7210,   .0700,   .7500
   .2380,   .6520,   .4730
   .7380,   .8480,   .5270
   .7620,   .3480,   .9730
   .7380,   .8480,   .9730
   .7620,   .3480,   .5270
   .2620,   .1520,   .4730
   .2380,   .6520,   .0270
