; Resulted material density=13.562g/cm3 deviates from declared=13.560g/cm3 by 0%
;
;=====================================================
; gamma-Ga2O3
; Ga2.67O4
; Source:
; Chem. Eur. J. (2013) 19, 2803-2813
; Pearson Crystal Database: entry #1638490
; -------------------------------------------------------------------------
;  Symmetry group=227:2 Fd-3m:2,  Density=5.95g/cm3,  Z=8
;  Syngony=Cubic (1)
; Submitted by Tobias Hadamek <>
; -------------------------------------------------------------------------
#gamma-Ga2O3
 5, 1                                   ;Nr_of_components, Syngony_number (1=Cubic)
8.23760                                 ;Lattice_constant(s): a
Ga                                      ;Atom_name
 8, 0.741                               ;Nr_of_positions, Occupation
 0.1250, 0.1250, 0.1250
 0.8750, 0.3750, 0.3750
 0.3750, 0.8750, 0.3750
 0.3750, 0.3750, 0.8750
 0.8750, 0.8750, 0.8750
 0.1250, 0.6250, 0.6250
 0.6250, 0.1250, 0.6250
 0.6250, 0.6250, 0.1250
Ga                                      ;Atom_name
 16, 0.741                              ;Nr_of_positions, Occupation
 0.5000, 0.5000, 0.5000
 0.5000, 0.7500, 0.7500
 0.7500, 0.7500, 0.5000
 0.7500, 0.5000, 0.7500
 0.5000, 0.2500, 0.2500
 0.2500, 0.2500, 0.5000
 0.2500, 0.5000, 0.2500
 0.5000, 0.0000, 0.0000
 0.7500, 0.2500, 0.0000
 0.7500, 0.0000, 0.2500
 0.2500, 0.7500, 0.0000
 0.2500, 0.0000, 0.7500
 0.0000, 0.5000, 0.0000
 0.0000, 0.7500, 0.2500
 0.0000, 0.2500, 0.7500
 0.0000, 0.0000, 0.5000
Ga                                      ;Atom_name
 24, 0.066                              ;Nr_of_positions, Occupation
 0.3680, 0.1250, 0.1250
 0.8750, 0.6180, 0.3750
 0.8820, 0.1250, 0.1250
 0.3750, 0.6320, 0.3750
 0.6180, 0.8750, 0.3750
 0.6180, 0.3750, 0.8750
 0.3750, 0.3750, 0.6320
 0.8750, 0.3750, 0.6180
 0.1250, 0.3680, 0.1250
 0.1250, 0.1250, 0.3680
 0.1250, 0.8820, 0.1250
 0.1250, 0.1250, 0.8820
 0.3750, 0.6180, 0.8750
 0.8750, 0.6320, 0.8750
 0.6320, 0.3750, 0.3750
 0.6320, 0.8750, 0.8750
 0.3750, 0.8750, 0.6180
 0.8750, 0.8750, 0.6320
 0.1250, 0.3820, 0.6250
 0.1180, 0.8750, 0.8750
 0.6250, 0.3680, 0.6250
 0.3820, 0.1250, 0.6250
 0.3820, 0.6250, 0.1250
 0.6250, 0.6250, 0.3680
Ga                                      ;Atom_name
 24, 0.066                              ;Nr_of_positions, Occupation
 0.1250, 0.6250, 0.3820
 0.8750, 0.1180, 0.8750
 0.8750, 0.8750, 0.1180
 0.6250, 0.3820, 0.1250
 0.3680, 0.6250, 0.6250
 0.6250, 0.1250, 0.3820
 0.8820, 0.6250, 0.6250
 0.3750, 0.1320, 0.8750
 0.3750, 0.8750, 0.1320
 0.1250, 0.8680, 0.6250
 0.1250, 0.6250, 0.8680
 0.3750, 0.1180, 0.3750
 0.8750, 0.1320, 0.3750
 0.3750, 0.3750, 0.1180
 0.8750, 0.3750, 0.1320
 0.1180, 0.3750, 0.3750
 0.6250, 0.8680, 0.1250
 0.6250, 0.1250, 0.8680
 0.6250, 0.8820, 0.6250
 0.6250, 0.6250, 0.8820
 0.8680, 0.1250, 0.6250
 0.1320, 0.3750, 0.8750
 0.1320, 0.8750, 0.3750
 0.8680, 0.6250, 0.1250
Ga                                      ;Atom_name
 16, 0.024                              ;Nr_of_positions, Occupation
 0.0000, 0.0000, 0.0000
 0.0000, 0.2500, 0.2500
 0.2500, 0.2500, 0.0000
 0.2500, 0.0000, 0.2500
 0.0000, 0.7500, 0.7500
 0.7500, 0.7500, 0.0000
 0.7500, 0.0000, 0.7500
 0.0000, 0.5000, 0.5000
 0.2500, 0.7500, 0.5000
 0.2500, 0.5000, 0.7500
 0.7500, 0.2500, 0.5000
 0.7500, 0.5000, 0.2500
 0.5000, 0.0000, 0.5000
 0.5000, 0.2500, 0.7500
 0.5000, 0.7500, 0.2500
 0.5000, 0.5000, 0.0000
O                                       ;Atom_name
 32, 1                                  ;Nr_of_positions, Occupation
 0.2552, 0.2552, 0.2552
 0.7448, 0.5052, 0.5052
 0.9948, 0.9948, 0.2552
 0.5052, 0.7448, 0.5052
 0.2552, 0.9948, 0.9948
 0.5052, 0.5052, 0.7448
 0.9948, 0.2552, 0.9948
 0.7448, 0.7448, 0.7448
 0.2552, 0.4948, 0.4948
 0.0052, 0.0052, 0.7448
 0.4948, 0.2552, 0.4948
 0.7448, 0.0052, 0.0052
 0.4948, 0.4948, 0.2552
 0.0052, 0.7448, 0.0052
 0.2552, 0.7552, 0.7552
 0.9948, 0.4948, 0.7552
 0.5052, 0.2448, 0.0052
 0.5052, 0.0052, 0.2448
 0.9948, 0.7552, 0.4948
 0.7448, 0.2448, 0.2448
 0.0052, 0.5052, 0.2448
 0.4948, 0.7552, 0.9948
 0.4948, 0.9948, 0.7552
 0.0052, 0.2448, 0.5052
 0.7552, 0.2552, 0.7552
 0.2448, 0.5052, 0.0052
 0.7552, 0.9948, 0.4948
 0.2448, 0.7448, 0.2448
 0.7552, 0.4948, 0.9948
 0.2448, 0.0052, 0.5052
 0.7552, 0.7552, 0.2552
 0.2448, 0.2448, 0.7448
