;
;
;=====================================================
; ICSD-84874 Name Trigadolinium pentagallium oxide
; Gd3Ga5O12 - symmetry: Ia-3d (# 230), (Z=8)
; Submitted by David Walker, University of Warwick
;-----------------------------------------
#Gd3Ga5O12
 6, 0
 12.3829, 0.25
Gd
 24
   0.1250, 0.0000, 0.2500
   0.6250, 0.5000, 0.7500
   0.2500, 0.8750, 0.5000
   0.7500, 0.3750, 0.0000
   0.8750, 0.5000, 0.2500
   0.3750, 0.0000, 0.7500
   0.2500, 0.1250, 0.0000
   0.7500, 0.6250, 0.5000
   0.0000, 0.2500, 0.1250
   0.5000, 0.7500, 0.6250
   0.0000, 0.7500, 0.3750
   0.5000, 0.2500, 0.8750
   0.8750, 0.0000, 0.7500
   0.3750, 0.5000, 0.2500
   0.2500, 0.6250, 0.0000
   0.7500, 0.1250, 0.5000
   0.1250, 0.5000, 0.7500
   0.6250, 0.0000, 0.2500
   0.2500, 0.3750, 0.5000
   0.7500, 0.8750, 0.0000
   0.5000, 0.2500, 0.3750
   0.0000, 0.7500, 0.8750
   0.5000, 0.7500, 0.1250
   0.0000, 0.2500, 0.6250
Ga
 20
   0.0000, 0.0000, 0.0000
   0.5000, 0.5000, 0.5000
   0.2500, 0.7500, 0.2500
   0.7500, 0.2500, 0.7500
   0.0000, 0.5000, 0.0000
   0.5000, 0.0000, 0.5000
   0.2500, 0.2500, 0.7500
   0.7500, 0.7500, 0.2500
   0.0000, 0.0000, 0.5000
   0.5000, 0.5000, 0.0000
   0.7500, 0.2500, 0.2500
   0.2500, 0.7500, 0.7500
   0.5000, 0.0000, 0.0000
   0.0000, 0.5000, 0.5000
   0.2500, 0.2500, 0.2500
   0.7500, 0.7500, 0.7500
   0.3750, 0.0000, 0.2500
   0.8750, 0.5000, 0.7500
   0.2500, 0.1250, 0.5000
   0.7500, 0.6250, 0.0000
Ga
 20
   0.6250, 0.5000, 0.2500
   0.1250, 0.0000, 0.7500
   0.2500, 0.8750, 0.0000
   0.7500, 0.3750, 0.5000
   0.6250, 0.0000, 0.7500
   0.1250, 0.5000, 0.2500
   0.0000, 0.2500, 0.8750
   0.5000, 0.7500, 0.3750
   0.0000, 0.7500, 0.6250
   0.5000, 0.2500, 0.1250
   0.2500, 0.3750, 0.0000
   0.7500, 0.8750, 0.5000
   0.0000, 0.2500, 0.3750
   0.5000, 0.7500, 0.8750
   0.2500, 0.6250, 0.5000
   0.7500, 0.1250, 0.0000
   0.5000, 0.2500, 0.6250
   0.0000, 0.7500, 0.1250
   0.8750, 0.0000, 0.2500
   0.3750, 0.5000, 0.7500
O
 32
   0.0289, 0.0542, 0.6494
   0.5289, 0.5542, 0.1494
   0.1958, 0.7789, 0.8994
   0.6958, 0.2789, 0.3994
   0.9711, 0.4458, 0.6494
   0.4711, 0.9458, 0.1494
   0.3042, 0.2211, 0.3994
   0.8042, 0.7211, 0.8994
   0.2789, 0.6006, 0.8042
   0.7789, 0.1006, 0.3042
   0.0289, 0.9458, 0.8506
   0.5289, 0.4458, 0.3506
   0.7789, 0.8994, 0.1958
   0.2789, 0.3994, 0.6958
   0.3994, 0.3042, 0.2211
   0.8994, 0.8042, 0.7211
   0.4711, 0.0542, 0.3506
   0.9711, 0.5542, 0.8506
   0.6006, 0.8042, 0.2789
   0.1006, 0.3042, 0.7789
   0.6494, 0.0289, 0.0542
   0.1494, 0.5289, 0.5542
   0.0542, 0.6494, 0.0289
   0.5542, 0.1494, 0.5289
   0.9458, 0.8506, 0.0289
   0.4458, 0.3506, 0.5289
   0.6494, 0.9711, 0.4458
   0.1494, 0.4711, 0.9458
   0.4458, 0.6494, 0.9711
   0.9458, 0.1494, 0.4711
   0.3506, 0.4711, 0.0542
   0.8506, 0.9711, 0.5542
O
 32
   0.8506, 0.0289, 0.9458
   0.3506, 0.5289, 0.4458
   0.0542, 0.3506, 0.4711
   0.5542, 0.8506, 0.9711
   0.8042, 0.2789, 0.6006
   0.3042, 0.7789, 0.1006
   0.1958, 0.2211, 0.6006
   0.6958, 0.7211, 0.1006
   0.2211, 0.3994, 0.3042
   0.7211, 0.8994, 0.8042
   0.2211, 0.6006, 0.1958
   0.7211, 0.1006, 0.6958
   0.8994, 0.1958, 0.7789
   0.3994, 0.6958, 0.2789
   0.6006, 0.1958, 0.2211
   0.1006, 0.6958, 0.7211
   0.9711, 0.9458, 0.3506
   0.4711, 0.4458, 0.8506
   0.3042, 0.7211, 0.6006
   0.8042, 0.2211, 0.1006
   0.0289, 0.5542, 0.3506
   0.5289, 0.0542, 0.8506
   0.1958, 0.2789, 0.1006
   0.6958, 0.7789, 0.6006
   0.2211, 0.8994, 0.6958
   0.7211, 0.3994, 0.1958
   0.9711, 0.0542, 0.1494
   0.4711, 0.5542, 0.6494
   0.7211, 0.6006, 0.3042
   0.2211, 0.1006, 0.8042
   0.1006, 0.1958, 0.2789
   0.6006, 0.6958, 0.7789
O
 32
   0.5289, 0.9458, 0.6494
   0.0289, 0.4458, 0.1494
   0.8994, 0.6958, 0.2211
   0.3994, 0.1958, 0.7211
   0.3506, 0.9711, 0.9458
   0.8506, 0.4711, 0.4458
   0.9458, 0.3506, 0.9711
   0.4458, 0.8506, 0.4711
   0.0542, 0.1494, 0.9711
   0.5542, 0.6494, 0.4711
   0.3506, 0.0289, 0.5542
   0.8506, 0.5289, 0.0542
   0.5542, 0.3506, 0.0289
   0.0542, 0.8506, 0.5289
   0.6494, 0.5289, 0.9458
   0.1494, 0.0289, 0.4458
   0.1494, 0.9711, 0.0542
   0.6494, 0.4711, 0.5542
   0.9458, 0.6494, 0.5289
   0.4458, 0.1494, 0.0289
   0.6958, 0.2211, 0.8994
   0.1958, 0.7211, 0.3994
   0.3042, 0.2789, 0.8994
   0.8042, 0.7789, 0.3994
   0.2789, 0.1006, 0.1958
   0.7789, 0.6006, 0.6958
   0.2789, 0.8994, 0.3042
   0.7789, 0.3994, 0.8042
   0.6006, 0.3042, 0.7211
   0.1006, 0.8042, 0.2211
   0.8994, 0.3042, 0.2789
   0.3994, 0.8042, 0.7789
