;
;
;=====================================================
; ICSD-162752 Trigadolinium discandium trigallium oxide
; Gd3Sc2Ga3O12 - symmetry: Ia-3d (# 230), (Z=8)
; Submitted by David Walker, University of Warwick
;-----------------------------------------
#Gd3Sc2Ga3O12
 6, 0
 12.5943, 0.25
Gd
 24
   0.3750, 0.0000, 0.2500
   0.8750, 0.5000, 0.7500
   0.2500, 0.1250, 0.5000
   0.7500, 0.6250, 0.0000
   0.6250, 0.5000, 0.2500
   0.1250, 0.0000, 0.7500
   0.2500, 0.8750, 0.0000
   0.7500, 0.3750, 0.5000
   0.6250, 0.0000, 0.7500
   0.1250, 0.5000, 0.2500
   0.0000, 0.2500, 0.8750
   0.5000, 0.7500, 0.3750
   0.0000, 0.7500, 0.6250
   0.5000, 0.2500, 0.1250
   0.2500, 0.3750, 0.0000
   0.7500, 0.8750, 0.5000
   0.0000, 0.2500, 0.3750
   0.5000, 0.7500, 0.8750
   0.2500, 0.6250, 0.5000
   0.7500, 0.1250, 0.0000
   0.5000, 0.2500, 0.6250
   0.0000, 0.7500, 0.1250
   0.8750, 0.0000, 0.2500
   0.3750, 0.5000, 0.7500
Sc
 16
   0.0000, 0.0000, 0.0000
   0.5000, 0.5000, 0.5000
   0.2500, 0.7500, 0.2500
   0.7500, 0.2500, 0.7500
   0.0000, 0.5000, 0.0000
   0.5000, 0.0000, 0.5000
   0.2500, 0.2500, 0.7500
   0.7500, 0.7500, 0.2500
   0.0000, 0.0000, 0.5000
   0.5000, 0.5000, 0.0000
   0.7500, 0.2500, 0.2500
   0.2500, 0.7500, 0.7500
   0.5000, 0.0000, 0.0000
   0.0000, 0.5000, 0.5000
   0.2500, 0.2500, 0.2500
   0.7500, 0.7500, 0.7500
Ga
 24
   0.1250, 0.0000, 0.2500
   0.6250, 0.5000, 0.7500
   0.2500, 0.8750, 0.5000
   0.7500, 0.3750, 0.0000
   0.8750, 0.5000, 0.2500
   0.3750, 0.0000, 0.7500
   0.2500, 0.1250, 0.0000
   0.7500, 0.6250, 0.5000
   0.0000, 0.2500, 0.1250
   0.5000, 0.7500, 0.6250
   0.0000, 0.7500, 0.3750
   0.5000, 0.2500, 0.8750
   0.8750, 0.0000, 0.7500
   0.3750, 0.5000, 0.2500
   0.2500, 0.6250, 0.0000
   0.7500, 0.1250, 0.5000
   0.1250, 0.5000, 0.7500
   0.6250, 0.0000, 0.2500
   0.2500, 0.3750, 0.5000
   0.7500, 0.8750, 0.0000
   0.5000, 0.2500, 0.3750
   0.0000, 0.7500, 0.8750
   0.5000, 0.7500, 0.1250
   0.0000, 0.2500, 0.6250
O
 32
    0.9717, 0.0548, 0.1542
    0.4717, 0.5548, 0.6542
    0.1952, 0.7217, 0.4042
    0.6952, 0.2217, 0.9042
    0.0283, 0.4452, 0.1542
    0.5283, 0.9452, 0.6542
    0.3048, 0.2783, 0.9042
    0.8048, 0.7783, 0.4042
    0.2217, 0.0958, 0.8048
    0.7217, 0.5958, 0.3048
    0.9717, 0.9452, 0.3458
    0.4717, 0.4452, 0.8458
    0.7217, 0.4042, 0.1952
    0.2217, 0.9042, 0.6952
    0.9042, 0.3048, 0.2783
    0.4042, 0.8048, 0.7783
    0.5283, 0.0548, 0.8458
    0.0283, 0.5548, 0.3458
    0.0958, 0.8048, 0.2217
    0.5958, 0.3048, 0.7217
    0.1542, 0.9717, 0.0548
    0.6542, 0.4717, 0.5548
    0.0548, 0.1542, 0.9717
    0.5548, 0.6542, 0.4717
    0.9452, 0.3458, 0.9717
    0.4452, 0.8458, 0.4717
    0.1542, 0.0283, 0.4452
    0.6542, 0.5283, 0.9452
    0.4452, 0.1542, 0.0283
    0.9452, 0.6542, 0.5283
    0.8458, 0.5283, 0.0548
    0.3458, 0.0283, 0.5548
O
 32
    0.3458, 0.9717, 0.9452
    0.8458, 0.4717, 0.4452
    0.0548, 0.8458, 0.5283
    0.5548, 0.3458, 0.0283
    0.8048, 0.2217, 0.0958
    0.3048, 0.7217, 0.5958
    0.1952, 0.2783, 0.0958
    0.6952, 0.7783, 0.5958
    0.2783, 0.9042, 0.3048
    0.7783, 0.4042, 0.8048
    0.2783, 0.0958, 0.1952
    0.7783, 0.5958, 0.6952
    0.4042, 0.1952, 0.7217
    0.9042, 0.6952, 0.2217
    0.0958, 0.1952, 0.2783
    0.5958, 0.6952, 0.7783
    0.0283, 0.9452, 0.8458
    0.5283, 0.4452, 0.3458
    0.3048, 0.7783, 0.0958
    0.8048, 0.2783, 0.5958
    0.9717, 0.5548, 0.8458
    0.4717, 0.0548, 0.3458
    0.1952, 0.2217, 0.5958
    0.6952, 0.7217, 0.0958
    0.2783, 0.4042, 0.6952
    0.7783, 0.9042, 0.1952
    0.0283, 0.0548, 0.6542
    0.5283, 0.5548, 0.1542
    0.7783, 0.0958, 0.3048
    0.2783, 0.5958, 0.8048
    0.5958, 0.1952, 0.2217
    0.0958, 0.6952, 0.7217
O
 32
    0.4717, 0.9452, 0.1542
    0.9717, 0.4452, 0.6542
    0.4042, 0.6952, 0.2783
    0.9042, 0.1952, 0.7783
    0.8458, 0.0283, 0.9452
    0.3458, 0.5283, 0.4452
    0.9452, 0.8458, 0.0283
    0.4452, 0.3458, 0.5283
    0.0548, 0.6542, 0.0283
    0.5548, 0.1542, 0.5283
    0.8458, 0.9717, 0.5548
    0.3458, 0.4717, 0.0548
    0.5548, 0.8458, 0.9717
    0.0548, 0.3458, 0.4717
    0.1542, 0.4717, 0.9452
    0.6542, 0.9717, 0.4452
    0.6542, 0.0283, 0.0548
    0.1542, 0.5283, 0.5548
    0.9452, 0.1542, 0.4717
    0.4452, 0.6542, 0.9717
    0.6952, 0.2783, 0.4042
    0.1952, 0.7783, 0.9042
    0.3048, 0.2217, 0.4042
    0.8048, 0.7217, 0.9042
    0.2217, 0.5958, 0.1952
    0.7217, 0.0958, 0.6952
    0.2217, 0.4042, 0.3048
    0.7217, 0.9042, 0.8048
    0.0958, 0.3048, 0.7783
    0.5958, 0.8048, 0.2783
    0.4042, 0.3048, 0.2217
    0.9042, 0.8048, 0.7217
