;
;=====================================================
;  Symmetry group=029:cab P21ab,  Density=1.633g/cm3,  Z=4
;  Syngony=Orthorhombic (5)
;  Composition: K(C6H4COOHCOO) or C6H4 (COOH) (COOK)
; Submitted by Brian Kraus, with references to:
;  http://onlinelibrary.wiley.com/doi/10.1107/S0365110X65004590/pdf (lattice & space group)
;  http://onlinelibrary.wiley.com/doi/10.1002/crat.200711091/pdf (density)
;  https://www1.aps.anl.gov/Science/Scientific-Software/XOP (atomic coordinates)
; -------------------------------------------------------------------------
#KAP
 4, 5					;Nr_of_components, Syngony_number (5=Orthorhombic)
 6.46, 9.6, 13.85			;Lattice_constants: a,b,c
K   					;Atom_name
 4, 1					;Nr_of_positions, Occupation
 0.2500, 0.0990, 0.0388
 0.7500, 0.9010, 0.9612
 0.2500, 0.5990, 0.9612
 0.7500, 0.4010, 0.0388
C   					;Atom_name
 32, 1					;Nr_of_positions, Occupation
 0.0056, 0.8222, 0.2176
 0.7616, 0.0689, 0.1568
 0.9748, 0.9408, 0.2894
 0.0626, 0.9363, 0.3847
 0.0382, 0.0473, 0.4505
 0.9265, 0.1628, 0.4206
 0.8419, 0.1693, 0.3251
 0.8641, 0.0580, 0.2584
 0.5056, 0.1778, 0.7824
 0.2616, 0.9311, 0.8432
 0.4748, 0.0592, 0.7106
 0.5626, 0.0637, 0.6153
 0.5382, 0.9527, 0.5495
 0.4265, 0.8372, 0.5794
 0.3419, 0.8307, 0.6749
 0.3641, 0.9420, 0.7416
 0.0056, 0.3222, 0.7824
 0.7616, 0.5689, 0.8432
 0.9748, 0.4408, 0.7106
 0.0626, 0.4363, 0.6153
 0.0382, 0.5473, 0.5495
 0.9265, 0.6628, 0.5794
 0.8419, 0.6693, 0.6749
 0.8641, 0.5580, 0.7416
 0.5056, 0.6778, 0.2176
 0.2616, 0.4311, 0.1568
 0.4748, 0.5592, 0.2894
 0.5626, 0.5637, 0.3847
 0.5382, 0.4527, 0.4505
 0.4265, 0.3372, 0.4206
 0.3419, 0.3307, 0.3251
 0.3641, 0.4420, 0.2584
O   					;Atom_name
 16, 1					;Nr_of_positions, Occupation
 0.0787, 0.7017, 0.2626
 0.0175, 0.8389, 0.1273
 0.8414, 0.1452, 0.0931
 0.5962, 0.0001, 0.1440
 0.5787, 0.2983, 0.7374
 0.5175, 0.1611, 0.8727
 0.3414, 0.8548, 0.9069
 0.0961, 0.0000, 0.8560
 0.0787, 0.2017, 0.7374
 0.0175, 0.3389, 0.8727
 0.8414, 0.6452, 0.9069
 0.5962, 0.5001, 0.8560
 0.5787, 0.7983, 0.2626
 0.5175, 0.6611, 0.1273
 0.3414, 0.3548, 0.0931
 0.0961, 0.4999, 0.1440
H   					;Atom_name
 20, 1					;Nr_of_positions, Occupation
 0.0380, 0.6200, 0.2350
 0.1400, 0.8540, 0.4000
 0.0960, 0.0480, 0.5210
 0.9090, 0.2370, 0.4640
 0.7690, 0.2520, 0.3040
 0.5380, 0.3800, 0.7650
 0.0380, 0.1200, 0.7650
 0.5380, 0.8800, 0.2350
 0.6400, 0.1460, 0.6000
 0.1400, 0.3540, 0.6000
 0.6400, 0.6460, 0.4000
 0.5960, 0.9520, 0.4790
 0.0960, 0.5480, 0.4790
 0.5960, 0.4520, 0.5210
 0.4090, 0.7630, 0.5360
 0.9090, 0.7370, 0.5360
 0.4090, 0.2630, 0.4640
 0.2690, 0.7480, 0.6960
 0.7690, 0.7520, 0.6960
 0.2690, 0.2480, 0.3040
