;
;
;=====================================================
;                          _
; KDP [KH2PO4] - symmetry I42d (No 122), (Z=4)
; --------------------------------------------
#KDP
 4,  3
  7.453,  6.959
P
  4
 0.000, 0.000, 0.000
 0.000, 0.500, 0.250
 0.500, 0.500, 0.500
 0.500, 0.000, 0.750
K
  4
 0.000, 0.000, 0.500
 0.000, 0.500, 0.750
 0.500, 0.500, 0.000
 0.500, 0.000, 0.250
O
 16
 0.144, 0.081, 0.139
 0.856, 0.919, 0.139
 0.919, 0.144, 0.861
 0.081, 0.856, 0.861
 0.856, 0.581, 0.111
 0.144, 0.419, 0.111
 0.081, 0.644, 0.389
 0.919, 0.356, 0.389
 0.644, 0.581, 0.639
 0.356, 0.419, 0.639
 0.419, 0.644, 0.361
 0.581, 0.356, 0.361
 0.356, 0.081, 0.611
 0.644, 0.919, 0.611
 0.581, 0.144, 0.889
 0.419, 0.856, 0.889
H
  8
 0.000, 0.000, 0.145
 0.000, 0.000, 0.855
 0.000, 0.500, 0.395
 0.000, 0.500, 0.165
 0.500, 0.500, 0.545
 0.500, 0.500, 0.355
 0.500, 0.000, 0.895
 0.500, 0.000, 0.605
