;
;
;===========================================================
; Bixbyite cubic La2O3
; - symmetry: Ia3- (cubic), space group #206, Z=16,
; - analogous to cubic Mn2O3 and Pr2O3
; -------------------------------------------------------
; Data by Vladimir Kaganer, Paul-Drude-Institut
; Source: J. Solid State Chem. (1999) 144, 68-80 (Pearson's Crystal Data)
;         http://cst-www.nrl.navy.mil/lattice/struk/d5_3.html
; -----------
#La2O3cub
 5, 0, 5.82
 11.414
; The structure contains 32 atoms of La
; Since the coordinates arrays size is 20,
; we split 32=16+16
La
 16
   0.2500,   0.2500,   0.2500
   0.7500,   0.2500,   0.2500
   0.2500,   0.7500,   0.2500
   0.2500,   0.2500,   0.7500
   0.9830,   0.0000,   0.2500
   0.0170,   0.5000,   0.2500
   0.2500,   0.9830,   0.0000
   0.2500,   0.0170,   0.5000
   0.0000,   0.2500,   0.9830
   0.5000,   0.2500,   0.0170
   0.0170,   0.0000,   0.7500
   0.9830,   0.5000,   0.7500
   0.7500,   0.0170,   0.0000
   0.7500,   0.9830,   0.5000
   0.0000,   0.7500,   0.0170
   0.5000,   0.7500,   0.9830
La
 16
   0.7500,   0.7500,   0.7500
   0.2500,   0.7500,   0.7500
   0.7500,   0.2500,   0.7500
   0.7500,   0.7500,   0.2500
   0.4830,   0.5000,   0.7500
   0.5170,   0.0000,   0.7500
   0.7500,   0.4830,   0.5000
   0.7500,   0.5170,   0.0000
   0.5000,   0.7500,   0.4830
   0.0000,   0.7500,   0.5170
   0.5170,   0.5000,   0.2500
   0.4830,   0.0000,   0.2500
   0.2500,   0.5170,   0.5000
   0.2500,   0.4830,   0.0000
   0.5000,   0.2500,   0.5170
   0.0000,   0.2500,   0.4830
; The structure contains 48 atoms of oxygen.
; Since the coordinates arrays size is 20,
; we split 48=16+16+16
O
 16
   0.3920,   0.1610,   0.3520
   0.1080,   0.8390,   0.8520
   0.1080,   0.1610,   0.6480
   0.8920,   0.3390,   0.6480
   0.3520,   0.3920,   0.1610
   0.8520,   0.1080,   0.8390
   0.6480,   0.1080,   0.1610
   0.6480,   0.8920,   0.3390
   0.1610,   0.3520,   0.3920
   0.8390,   0.8520,   0.1080
   0.1610,   0.6480,   0.1080
   0.3390,   0.6480,   0.8920
   0.6080,   0.8390,   0.6480
   0.8920,   0.1610,   0.1480
   0.8920,   0.8390,   0.3520
   0.1080,   0.6610,   0.3520
O
 16
   0.6480,   0.6080,   0.8390
   0.1480,   0.8920,   0.1610
   0.3520,   0.8920,   0.8390
   0.3520,   0.1080,   0.6610
   0.8390,   0.6480,   0.6080
   0.1610,   0.1480,   0.8920
   0.8390,   0.3520,   0.8920
   0.6610,   0.3520,   0.1080
   0.8920,   0.6610,   0.8520
   0.6080,   0.3390,   0.3520
   0.6080,   0.6610,   0.1480
   0.3920,   0.8390,   0.1480
   0.8520,   0.8920,   0.6610
   0.3520,   0.6080,   0.3390
   0.1480,   0.6080,   0.6610
   0.1480,   0.3920,   0.8390
O
 16
   0.6610,   0.8520,   0.8920
   0.3390,   0.3520,   0.6080
   0.6610,   0.1480,   0.6080
   0.8390,   0.1480,   0.3920
   0.1080,   0.3390,   0.1480
   0.3920,   0.6610,   0.6480
   0.3920,   0.3390,   0.8520
   0.6080,   0.1610,   0.8520
   0.1480,   0.1080,   0.3390
   0.6480,   0.3920,   0.6610
   0.8520,   0.3920,   0.3390
   0.8520,   0.6080,   0.1610
   0.3390,   0.1480,   0.1080
   0.6610,   0.6480,   0.3920
   0.3390,   0.8520,   0.3920
   0.1610,   0.8520,   0.6080
