;
;
;=====================================================
; Lithium Tetraborate [Li(2)B(4)O(7)] - symmetry: I41CD, space group #110
;
; Submitted 01/2012 by Alexey BOSAK, ESRF
; -------------------------------------------------------
; #LTB
#Li2B4O7
 4, 3
 9.475,   10.283
Li
 16
  0.35170,  0.33530,  0.35190
  0.66470,  0.85170,  0.60190
  0.14830,  0.16470,  0.85190
  0.83530,  0.64830,  0.10190
  0.64830,  0.33530,  0.85190
  0.33530,  0.85170,  0.10190
  0.85170,  0.16470,  0.35190
  0.16470,  0.64830,  0.60190
  0.85170,  0.83530,  0.85190
  0.16470,  0.35170,  0.10190
  0.64830,  0.66470,  0.35190
  0.33530,  0.14830,  0.60190
  0.14830,  0.83530,  0.35190
  0.83530,  0.35170,  0.60190
  0.35170,  0.66470,  0.85190
  0.66470,  0.14830,  0.10190
B
 32
  0.08616,  0.33181,  0.45060
  0.05370,  0.11260,  0.58210
  0.66819,  0.58616,  0.70060
  0.41384,  0.16819,  0.95060
  0.83181,  0.91384,  0.20060
  0.91384,  0.33181,  0.95060
  0.33181,  0.58616,  0.20060
  0.58616,  0.16819,  0.45060
  0.16819,  0.91384,  0.70060
  0.88740,  0.55370,  0.83210
  0.44630,  0.38740,  0.08210
  0.61260,  0.94630,  0.33210
  0.94630,  0.11260,  0.08210
  0.11260,  0.55370,  0.33210
  0.55370,  0.38740,  0.58210
  0.38740,  0.94630,  0.83210
  0.58616,  0.83181,  0.95060
  0.16819,  0.08616,  0.20060
  0.91384,  0.66819,  0.45060
  0.33181,  0.41384,  0.70060
  0.41384,  0.83181,  0.45060
  0.83181,  0.08616,  0.70060
  0.08616,  0.66819,  0.95060
  0.66819,  0.41384,  0.20060
  0.55370,  0.61260,  0.08210
  0.38740,  0.05370,  0.33210
  0.94630,  0.88740,  0.58210
  0.11260,  0.44630,  0.83210
  0.44630,  0.61260,  0.58210
  0.61260,  0.05370,  0.83210
  0.05370,  0.88740,  0.08210
  0.88740,  0.44630,  0.33210
O
 28
; In reality 56 cites, split into two parts since exceeds 32
  0.13720,  0.21830,  0.51510
  0.17760,  0.43280,  0.40590
  0.94316,  0.34380,  0.43090
  0.00000,  0.00000,  0.50000
  0.78170,  0.63720,  0.76510
  0.36280,  0.28170,  0.01510
  0.71830,  0.86280,  0.26510
  0.86280,  0.21830,  0.01510
  0.21830,  0.63720,  0.26510
  0.63720,  0.28170,  0.51510
  0.28170,  0.86280,  0.76510
  0.56720,  0.67760,  0.65590
  0.32240,  0.06720,  0.90590
  0.93280,  0.82240,  0.15590
  0.82240,  0.43280,  0.90590
  0.43280,  0.67760,  0.15590
  0.67760,  0.06720,  0.40590
  0.06720,  0.82240,  0.65590
  0.65620,  0.44316,  0.68090
  0.55684,  0.15620,  0.93090
  0.84380,  0.05684,  0.18090
  0.05684,  0.34380,  0.93090
  0.34380,  0.44316,  0.18090
  0.44316,  0.15620,  0.43090
  0.15620,  0.05684,  0.68090
  0.00000,  0.50000,  0.75000
  0.50000,  0.50000,  0.00000
  0.50000,  0.00000,  0.25000
O
 28
; In reality 56 cites, split into two parts since exceeds 32
  0.00000,  0.00000,  0.00000
  0.00000,  0.50000,  0.25000
  0.50000,  0.50000,  0.50000
  0.50000,  0.00000,  0.75000
  0.63720,  0.71830,  0.01510
  0.28170,  0.13720,  0.26510
  0.86280,  0.78170,  0.51510
  0.21830,  0.36280,  0.76510
  0.36280,  0.71830,  0.51510
  0.71830,  0.13720,  0.76510
  0.13720,  0.78170,  0.01510
  0.78170,  0.36280,  0.26510
  0.67760,  0.93280,  0.90590
  0.06720,  0.17760,  0.15590
  0.82240,  0.56720,  0.40590
  0.43280,  0.32240,  0.65590
  0.32240,  0.93280,  0.40590
  0.93280,  0.17760,  0.65590
  0.17760,  0.56720,  0.90590
  0.56720,  0.32240,  0.15590
  0.44316,  0.84380,  0.93090
  0.15620,  0.94316,  0.18090
  0.05684,  0.65620,  0.43090
  0.34380,  0.55684,  0.68090
  0.55684,  0.84380,  0.43090
  0.84380,  0.94316,  0.68090
  0.94316,  0.65620,  0.93090
  0.65620,  0.55684,  0.18090
