;
;=====================================================
;                       _
; Al0.633 La0.288 O3 Sr0.712 Ta0.357 - symmetry: Pn-3m:2 (No #224), (Z=2)
; LSAT is (LaAlO3)0.3(Sr2TaAlO3)0.7 -- see https://en.wikipedia.org/wiki/LSAT_%28oxide%29
; Submitted by Ryan Need, University of California, Santa Barbara
;-----------------------------------------
#LSAT_cubic                             ;(LaAlO3)0.3(Sr2TaAlO3)0.7
 6, 1					; Nr_of_components, Syngony_number
7.7200					; lattice parameter(s) -- only "a" for cubic
La                                      ;(occupation = 0.288)
  8, 0.288
   .2500,   .2500,   .2500
   .2500,   .2500,   .7500
   .2500,   .7500,   .2500
   .2500,   .7500,   .7500
   .7500,   .2500,   .2500
   .7500,   .2500,   .7500
   .7500,   .7500,   .2500
   .7500,   .7500,   .7500
Sr			        	;(occupation = 0.712)
  8, 0.712
   .2500,   .2500,   .2500
   .2500,   .2500,   .7500
   .2500,   .7500,   .2500
   .2500,   .7500,   .7500
   .7500,   .2500,   .2500
   .7500,   .2500,   .7500
   .7500,   .7500,   .2500
   .7500,   .7500,   .7500
Ta	 				;(occupation = 0.357)
  8, 0.357
   .0000,   .0000,   .0000
   .0000,   .0000,   .5000
   .0000,   .5000,   .0000
   .0000,   .5000,   .5000
   .5000,   .0000,   .0000
   .5000,   .0000,   .5000
   .5000,   .5000,   .0000
   .5000,   .5000,   .5000
Al	 				;(occupation = 0.643)
  8, 0.643
   .0000,   .0000,   .0000
   .0000,   .0000,   .5000
   .0000,   .5000,   .0000
   .0000,   .5000,   .5000
   .5000,   .0000,   .0000
   .5000,   .0000,   .5000
   .5000,   .5000,   .0000
   .5000,   .5000,   .5000
O		 			;(occupation = 0.500)
 24, 0.500
   .0000,   .2500,   .2500
   .0000,   .2500,   .7500
   .0000,   .7500,   .2500
   .0000,   .7500,   .7500
   .2500,   .0000,   .2500
   .2500,   .0000,   .7500
   .2500,   .2500,   .0000
   .2500,   .2500,   .5000
   .2500,   .5000,   .2500
   .2500,   .5000,   .7500
   .2500,   .7500,   .0000
   .2500,   .7500,   .5000
   .5000,   .2500,   .2500
   .5000,   .2500,   .7500
   .5000,   .7500,   .2500
   .5000,   .7500,   .7500
   .7500,   .0000,   .2500
   .7500,   .0000,   .7500
   .7500,   .2500,   .0000
   .7500,   .2500,   .5000
   .7500,   .5000,   .2500
   .7500,   .5000,   .7500
   .7500,   .7500,   .0000
   .7500,   .7500,   .5000
O		 			;(occupation = 0.500)
 24, 0.500
   .0000,   .0000,   .2460
   .0000,   .0000,   .7540
   .0000,   .2460,   .0000
   .0000,   .2540,   .5000
   .0000,   .5000,   .2540
   .0000,   .5000,   .7460
   .0000,   .7460,   .5000
   .0000,   .7540,   .0000
   .2460,   .0000,   .0000
   .2460,   .5000,   .5000
   .2540,   .0000,   .5000
   .2540,   .5000,   .0000
   .5000,   .0000,   .2540
   .5000,   .0000,   .7460
   .5000,   .2460,   .5000
   .5000,   .2540,   .0000
   .5000,   .5000,   .2460
   .5000,   .5000,   .7540
   .5000,   .7460,   .0000
   .5000,   .7540,   .5000
   .7460,   .0000,   .5000
   .7460,   .5000,   .0000
   .7540,   .0000,   .0000
   .7540,   .5000,   .5000
