;
;
;===========================================================
; Bixbyite cubic Lu2O3
; - symmetry: Ia3- (cubic), space group #206, Z=16,
; - analogous to cubic Mn2O3 and Pr2O3
; -------------------------------------------------------
; Data by Vladimir Kaganer, Paul-Drude-Institut
; source: J. Alloys Compd. (2003) 351, 31-34
;         (ab initio calculation, Pearson's Crystal Data)
;         http://cst-www.nrl.navy.mil/lattice/struk/d5_3.html
; -----------
#Lu2O3cub
 5, 0, 9.51
 10.358
; The structure contains 32 atoms of Lu
; Since the coordinates arrays size is 20,
; we split 32=16+16
Lu
 16
   0.2500,   0.2500,   0.2500
   0.7500,   0.2500,   0.2500
   0.2500,   0.7500,   0.2500
   0.2500,   0.2500,   0.7500
   0.9665,   0.0000,   0.2500
   0.0335,   0.5000,   0.2500
   0.2500,   0.9665,   0.0000
   0.2500,   0.0335,   0.5000
   0.0000,   0.2500,   0.9665
   0.5000,   0.2500,   0.0335
   0.0335,   0.0000,   0.7500
   0.9665,   0.5000,   0.7500
   0.7500,   0.0335,   0.0000
   0.7500,   0.9665,   0.5000
   0.0000,   0.7500,   0.0335
   0.5000,   0.7500,   0.9665
Lu
 16
   0.7500,   0.7500,   0.7500
   0.2500,   0.7500,   0.7500
   0.7500,   0.2500,   0.7500
   0.7500,   0.7500,   0.2500
   0.4665,   0.5000,   0.7500
   0.5335,   0.0000,   0.7500
   0.7500,   0.4665,   0.5000
   0.7500,   0.5335,   0.0000
   0.5000,   0.7500,   0.4665
   0.0000,   0.7500,   0.5335
   0.5335,   0.5000,   0.2500
   0.4665,   0.0000,   0.2500
   0.2500,   0.5335,   0.5000
   0.2500,   0.4665,   0.0000
   0.5000,   0.2500,   0.5335
   0.0000,   0.2500,   0.4665
; The structure contains 48 atoms of oxygen.
; Since the coordinates arrays size is 20,
; we split 48=16+16+16
O
 16
   0.3914,   0.1526,   0.3802
   0.1086,   0.8474,   0.8802
   0.1086,   0.1526,   0.6198
   0.8914,   0.3474,   0.6198
   0.3802,   0.3914,   0.1526
   0.8802,   0.1086,   0.8474
   0.6198,   0.1086,   0.1526
   0.6198,   0.8914,   0.3474
   0.1526,   0.3802,   0.3914
   0.8474,   0.8802,   0.1086
   0.1526,   0.6198,   0.1086
   0.3474,   0.6198,   0.8914
   0.6086,   0.8474,   0.6198
   0.8914,   0.1526,   0.1198
   0.8914,   0.8474,   0.3802
   0.1086,   0.6526,   0.3802
O
 16
   0.6198,   0.6086,   0.8474
   0.1198,   0.8914,   0.1526
   0.3802,   0.8914,   0.8474
   0.3802,   0.1086,   0.6526
   0.8474,   0.6198,   0.6086
   0.1526,   0.1198,   0.8914
   0.8474,   0.3802,   0.8914
   0.6526,   0.3802,   0.1086
   0.8914,   0.6526,   0.8802
   0.6086,   0.3474,   0.3802
   0.6086,   0.6526,   0.1198
   0.3914,   0.8474,   0.1198
   0.8802,   0.8914,   0.6526
   0.3802,   0.6086,   0.3474
   0.1198,   0.6086,   0.6526
   0.1198,   0.3914,   0.8474
O
 16
   0.6526,   0.8802,   0.8914
   0.3474,   0.3802,   0.6086
   0.6526,   0.1198,   0.6086
   0.8474,   0.1198,   0.3914
   0.1086,   0.3474,   0.1198
   0.3914,   0.6526,   0.6198
   0.3914,   0.3474,   0.8802
   0.6086,   0.1526,   0.8802
   0.1198,   0.1086,   0.3474
   0.6198,   0.3914,   0.6526
   0.8802,   0.3914,   0.3474
   0.8802,   0.6086,   0.1526
   0.3474,   0.1198,   0.1086
   0.6526,   0.6198,   0.3914
   0.3474,   0.8802,   0.3914
   0.1526,   0.8802,   0.6086
