;
;
;=====================================================
; Magnesium Aluminate Spinel, MgAl2O4, -- structure type: Fd-3mZ, space group #227:2, (Z=8)
; Source: PDF # 01-074-1132 21-1152, Powder Pattern of ICSD Coll.Code: 26845
; Published by Fischer, P. in Zeitschrift fuer Kristallographie, Kristallgeometrie, Kristallphysik, Kristallchemie (-144,1977) (1967) 124,  p275-p302
; Title: "Neutronenbeugungsuntersuchung der Strukturen von Mg Al2 O4 und Zn Al2 O4 Spinellen, in Abhaengigkeit von der Vorgeschichte"
; Submitted by Anna Kossoy, LANL October 1, 2010.
; -----------
#MgAl2O4
  3,  1
  8.0833
Mg
  8, 0.27
   .1250,   .1250,   .1250
   .1250,   .6250,   .6250
   .6250,   .6250,   .1250
   .6250,   .1250,   .6250
   .8750,   .8750,   .8750
   .8750,   .3750,   .3750
   .3750,   .3750,   .8750
   .3750,   .8750,   .3750
Al
 16
   .5000,   .5000,   .5000
   .5000,   .0000,   .0000
   .0000,   .0000,   .5000
   .0000,   .5000,   .0000
   .5000,   .7500,   .7500
   .5000,   .2500,   .2500
   .0000,   .2500,   .7500
   .0000,   .7500,   .2500
   .7500,   .5000,   .7500
   .7500,   .0000,   .2500
   .2500,   .0000,   .7500
   .2500,   .5000,   .2500
   .7500,   .7500,   .5000
   .7500,   .2500,   .0000
   .2500,   .2500,   .5000
   .2500,   .7500,   .0000
O
 32
   .2623,   .2623,   .2623
   .2623,   .7623,   .7623
   .7623,   .7623,   .2623
   .7623,   .2623,   .7623
   .2623,   .9877,   .9877
   .2623,   .4877,   .4877
   .7623,   .4877,   .9877
   .7623,   .9877,   .4877
   .7377,   .7377,   .7377
   .7377,   .2377,   .2377
   .2377,   .2377,   .7377
   .2377,   .7377,   .2377
   .7377,   .0123,   .0123
   .7377,   .5123,   .5123
   .2377,   .5123,   .0123
   .2377,   .0123,   .5123
   .9877,   .2623,   .9877
   .9877,   .7623,   .4877
   .4877,   .7623,   .9877
   .4877,   .2623,   .4877
   .9877,   .9877,   .2623
   .9877,   .4877,   .7623
   .4877,   .4877,   .2623
   .4877,   .9877,   .7623
   .0123,   .7377,   .0123
   .0123,   .2377,   .5123
   .5123,   .2377,   .0123
   .5123,   .7377,   .5123
   .0123,   .0123,   .7377
   .0123,   .5123,   .2377
   .5123,   .5123,   .7377
   .5123,   .0123,   .2377
