;
;
;=====================================================
; Mica (Muscovite)  [K Al3 Si3 O12 H2] Symmetry: C2/c (Z=4)
;Structure: Monoclinic
;The muscovite or mica is composed by K Al Si O and H atoms in 10
;different sites  making 13 independent element-sites. It belongs
;to the monoclinic system [DABAX].
; See more on Mica structure at:
; http://www.geo.arizona.edu/AMS/amcsd.php
; -- select there the "Muscovite" structure -- there are plenty of
; variations which mainly differ by some inclusions/substitutions!!!
;-------------------------------
#Mica
  8, 6
 5.189, 8.995, 20.097, 95.18
K
4
  0.0000,  0.1016,  0.2500
  0.5000,  0.6016,  0.2500
 -0.0000, -0.1016, -0.2500
 -0.5000, -0.6016, -0.2500
Al
8
  0.2484,  0.0871,  0.0016
  0.2484, -0.0871,  0.5016
  0.7484,  0.5871,  0.0016
  0.7484,  0.4129,  0.5016
 -0.2484, -0.0871, -0.0016
 -0.2484,  0.0871, -0.5016
 -0.7484, -0.5871, -0.0016
 -0.7484, -0.4129, -0.5016
Si
16, 0.75
  0.4625,  0.9242,  0.1372
  0.4625, -0.9242,  0.6372
  0.9625,  0.4242,  0.1372
  0.9625, -0.4242,  0.6372
 -0.4625, -0.9242, -0.1372
 -0.4625,  0.9242, -0.6372
 -0.9625, -0.4242, -0.1372
 -0.9625,  0.4242, -0.6372
  0.4593,  0.2550,  0.1365
  0.4593, -0.2550,  0.6365
  0.9593,  0.7550,  0.1365
  0.9593,  0.2450,  0.6365
 -0.4593, -0.2550, -0.1365
 -0.4593,  0.2550, -0.6365
 -0.9593, -0.7550, -0.1365
 -0.9593, -0.2450, -0.6365
Al
16, 0.25
  0.4625,  0.9242,  0.1372
  0.4625, -0.9242,  0.6372
  0.9625,  0.4242,  0.1372
  0.9625, -0.4242,  0.6372
 -0.4625, -0.9242, -0.1372
 -0.4625,  0.9242, -0.6372
 -0.9625, -0.4242, -0.1372
 -0.9625,  0.4242, -0.6372
  0.4593,  0.2550,  0.1365
  0.4593, -0.2550,  0.6365
  0.9593,  0.7550,  0.1365
  0.9593,  0.2450,  0.6365
 -0.4593, -0.2550, -0.1365
 -0.4593,  0.2550, -0.6365
 -0.9593, -0.7550, -0.1365
 -0.9593, -0.2450, -0.6365
; The structure contains 48 atoms of oxygen.
; Since the coordinates arrays size is 20,
; we split 48=20+20+8
O
20
  0.2629,  0.3713,  0.1674
  0.2629, -0.3713,  0.6674
  0.7629,  0.8713,  0.1674
  0.7629,  0.1287,  0.6674
 -0.2629, -0.3713, -0.1674
 -0.2629,  0.3713, -0.6674
 -0.7629, -0.8713, -0.1674
 -0.7629, -0.1287, -0.6674
  0.2450,  0.8020,  0.1620
  0.2450, -0.8020,  0.6620
  0.7450,  0.3020,  0.1620
  0.7450, -0.3020,  0.6620
 -0.2450, -0.8020, -0.1620
 -0.2450,  0.8020, -0.6620
 -0.7450, -0.3020, -0.1620
 -0.7450,  0.3020, -0.6620
  0.4080,  0.0960,  0.1680
  0.4080, -0.0960,  0.6680
  0.9080,  0.5960,  0.1680
  0.9080,  0.4040,  0.6680
O
20
 -0.4080, -0.0960 -0.1680
 -0.4080,  0.0960 -0.6680
 -0.9080, -0.5960 -0.1680
 -0.9080, -0.4040 -0.6680
  0.4650,  0.9450  0.0527
  0.4650, -0.9450  0.5527
  0.9650,  0.4450  0.0527
  0.9650, -0.4450  0.5527
 -0.4650, -0.9450 -0.0527
 -0.4650,  0.9450 -0.5527
 -0.9650, -0.4450 -0.0527
 -0.9650,  0.4450 -0.5527
  0.4250,  0.2600  0.0542
  0.4250, -0.2600  0.5542
  0.9250,  0.7600  0.0542
  0.9250,  0.2400  0.5542
 -0.4250, -0.2600 -0.0542
 -0.4250,  0.2600 -0.5542
 -0.9250, -0.7600 -0.0542
 -0.9250, -0.2400 -0.5542
O
8
  0.4530,  0.5580,  0.0520
  0.4530, -0.5580,  0.5520
  0.9530,  0.0580,  0.0520
  0.9530, -0.0580,  0.5520
 -0.4530, -0.5580, -0.0520
 -0.4530,  0.5580, -0.5520
 -0.9530, -0.0580, -0.0520
 -0.9530,  0.0580, -0.5520
H
8
  0.4530,  0.5580,  0.0520
  0.4530, -0.5580,  0.5520
  0.9530,  0.0580,  0.0520
  0.9530, -0.0580,  0.5520
 -0.4530, -0.5580, -0.0520
 -0.4530,  0.5580, -0.5520
 -0.9530, -0.0580, -0.0520
 -0.9530,  0.0580, -0.5520
