;
;=====================================================
;PbWO4 - symmetry: I4/a (No 88), (z=4)
;-------------------------------------
#PbWO4
 3, 3
 5.4619, 12.049
Pb
 4
 0.000, 0.250, 0.625
 0.000, 0.750, 0.375
 0.500, 0.750, 0.125
 0.500, 0.250, 0.875
W
 4
 0.000, 0.250, 0.125
 0.000, 0.750, 0.875
 0.500, 0.750, 0.625
 0.500, 0.250, 0.375
O
 16
 0.2352, 0.1134, 0.0439
 0.7648, 0.3866, 0.0439
 0.6366, 0.4852, 0.2939
 0.3634, 0.0148, 0.2939
 0.7352, 0.6134, 0.5439
 0.2648, 0.8866, 0.5439
 0.1366, 0.9852, 0.7939
 0.8634, 0.5148, 0.7939
 0.2648, 0.3866, 0.4561
 0.7352, 0.1134, 0.4561
 0.8634, 0.0148, 0.2061
 0.1366, 0.4852, 0.2061
 0.7648, 0.8866, 0.9561
 0.2352, 0.6134, 0.9561
 0.3634, 0.5148, 0.7061
 0.6366, 0.9852, 0.7061
