;
;=====================================================
;  Symmetry group=055 Pbam,  Density=8.062g/cm3,  Z=8
;  Syngony=Orthorhombic (5)
; Submitted by C.A.J. de Hond, University of Twente
; -------------------------------------------------------------------------
#PbZrO3
 3, 5					;Nr_of_components, Syngony_number (5=Orthorhombic)
 5.884, 11.787, 8.231		;Lattice_constants: a,b,c
Pb  					;Atom_name
 8, 1					;Nr_of_positions, Occupation
 0.6991, 0.1299, 0.0000
 0.7066, 0.1235, 0.5000
 0.3009, 0.8701, 0.0000
 0.1991, 0.3701, 0.0000
 0.8009, 0.6299, 0.0000
 0.2934, 0.8765, 0.5000
 0.2066, 0.3765, 0.5000
 0.7934, 0.6235, 0.5000
Zr  					;Atom_name
 8, 1					;Nr_of_positions, Occupation
 0.2417, 0.1236, 0.2490
 0.7583, 0.8764, 0.2490
 0.7417, 0.3764, 0.7510
 0.2583, 0.6236, 0.7510
 0.7583, 0.8764, 0.7510
 0.2417, 0.1236, 0.7510
 0.2583, 0.6236, 0.2490
 0.7417, 0.3764, 0.2490
O   					;Atom_name
 24, 1					;Nr_of_positions, Occupation
 0.2960, 0.0970, 0.0000
 0.2780, 0.1560, 0.5000
 0.0360, 0.2621, 0.2200
 0.0000, 0.5000, 0.2970
 0.0000, 0.0000, 0.2700
 0.7040, 0.9030, 0.0000
 0.7960, 0.4030, 0.0000
 0.2040, 0.5970, 0.0000
 0.7220, 0.8440, 0.5000
 0.7780, 0.3440, 0.5000
 0.2220, 0.6560, 0.5000
 0.9640, 0.7379, 0.2200
 0.5360, 0.2379, 0.7800
 0.4640, 0.7621, 0.7800
 0.9640, 0.7379, 0.7800
 0.0360, 0.2621, 0.7800
 0.4640, 0.7621, 0.2200
 0.5360, 0.2379, 0.2200
 0.5000, 0.0000, 0.7030
 0.0000, 0.5000, 0.7030
 0.5000, 0.0000, 0.2970
 0.5000, 0.5000, 0.7300
 0.0000, 0.0000, 0.7300
 0.5000, 0.5000, 0.2700
