;
;
;=====================================================
; Pr2O3 - Praseodymium Oxide
; - symmetry: Ia3- (cubic), space group #206, Z=16,
; - analogous to cubic Mn2O3
; -------------------------------------------------------
; Data submitted by Bernd Jenichen, Paul-Drude-Institut after
; Mirkin "Spravotchnik po rentgenostrukturnomy analisu polikristallov",
; from 1961, page 366-367. There, the code is K16 and the space group is T7h-
; -------------------------------------------------------
; Data corrected by Vladimir Kaganer, Paul-Drude-Institut after
; J. Alloys Compd. (2003) 351, 31-34 (ab initio calculation, Pearson's Crystal Data)
;  http://cst-www.nrl.navy.mil/lattice/struk/d5_3.html
; -----------
#Pr2O3
 5, 0, 6.3215
 11.15
; The structure contains 32 atoms of Pr
; Since the coordinates arrays size is 20,
; we split 32=16+16
Pr
 16
   0.2500,   0.2500,   0.2500
   0.7500,   0.2500,   0.2500
   0.2500,   0.7500,   0.2500
   0.2500,   0.2500,   0.7500
   0.9695,   0.0000,   0.2500
   0.0305,   0.5000,   0.2500
   0.2500,   0.9695,   0.0000
   0.2500,   0.0305,   0.5000
   0.0000,   0.2500,   0.9695
   0.5000,   0.2500,   0.0305
   0.0305,   0.0000,   0.7500
   0.9695,   0.5000,   0.7500
   0.7500,   0.0305,   0.0000
   0.7500,   0.9695,   0.5000
   0.0000,   0.7500,   0.0305
   0.5000,   0.7500,   0.9695
Pr
 16
   0.7500,   0.7500,   0.7500
   0.2500,   0.7500,   0.7500
   0.7500,   0.2500,   0.7500
   0.7500,   0.7500,   0.2500
   0.4695,   0.5000,   0.7500
   0.5305,   0.0000,   0.7500
   0.7500,   0.4695,   0.5000
   0.7500,   0.5305,   0.0000
   0.5000,   0.7500,   0.4695
   0.0000,   0.7500,   0.5305
   0.5305,   0.5000,   0.2500
   0.4695,   0.0000,   0.2500
   0.2500,   0.5305,   0.5000
   0.2500,   0.4695,   0.0000
   0.5000,   0.2500,   0.5305
   0.0000,   0.2500,   0.4695
;
; The structure contains 48 atoms of oxygen.
; Since the coordinates arrays size is 20,
; we split 48=16+16+16
O
 16
   0.3905,   0.1494,   0.3786
   0.1095,   0.8506,   0.8786
   0.1095,   0.1494,   0.6214
   0.8905,   0.3506,   0.6214
   0.3786,   0.3905,   0.1494
   0.8786,   0.1095,   0.8506
   0.6214,   0.1095,   0.1494
   0.6214,   0.8905,   0.3506
   0.1494,   0.3786,   0.3905
   0.8506,   0.8786,   0.1095
   0.1494,   0.6214,   0.1095
   0.3506,   0.6214,   0.8905
   0.6095,   0.8506,   0.6214
   0.8905,   0.1494,   0.1214
   0.8905,   0.8506,   0.3786
   0.1095,   0.6494,   0.3786
O
 16
   0.6214,   0.6095,   0.8506
   0.1214,   0.8905,   0.1494
   0.3786,   0.8905,   0.8506
   0.3786,   0.1095,   0.6494
   0.8506,   0.6214,   0.6095
   0.1494,   0.1214,   0.8905
   0.8506,   0.3786,   0.8905
   0.6494,   0.3786,   0.1095
   0.8905,   0.6494,   0.8786
   0.6095,   0.3506,   0.3786
   0.6095,   0.6494,   0.1214
   0.3905,   0.8506,   0.1214
   0.8786,   0.8905,   0.6494
   0.3786,   0.6095,   0.3506
   0.1214,   0.6095,   0.6494
   0.1214,   0.3905,   0.8506
O
 16
   0.6494,   0.8786,   0.8905
   0.3506,   0.3786,   0.6095
   0.6494,   0.1214,   0.6095
   0.8506,   0.1214,   0.3905
   0.1095,   0.3506,   0.1214
   0.3905,   0.6494,   0.6214
   0.3905,   0.3506,   0.8786
   0.6095,   0.1494,   0.8786
   0.1214,   0.1095,   0.3506
   0.6214,   0.3905,   0.6494
   0.8786,   0.3905,   0.3506
   0.8786,   0.6095,   0.1494
   0.3506,   0.1214,   0.1095
   0.6494,   0.6214,   0.3905
   0.3506,   0.8786,   0.3905
   0.1494,   0.8786,   0.6095
