;
;
;=====================================================
; Sr4 Ti3 O10, structure type: tetragonal I 4/m m m, space group 139 (4/mmm),
; Source: ICSD Collection Code 34630
; Submitted by Ines Pommrich, DLR
; 2006/11/16
;Sr4Ti3O10, Ruddlesden-Popper-Phase of SrO(SrTiO3)n with n=3
; -----------------
#Sr4Ti3O10
3, 3
3.900, 28.100
Sr
8
.0000,   .0000,   .5690
.0000,   .0000,   .7050
.0000,   .0000,   .4310
.0000,   .0000,   .2950
.5000,   .5000,   .0690
.5000,   .5000,   .2050
.5000,   .5000,   .9310
.5000,   .5000,   .7950
Ti
6
.0000,   .0000,   .0000
.0000,   .0000,   .8660
.0000,   .0000,   .1340
.5000,   .5000,   .5000
.5000,   .5000,   .3660
.5000,   .5000,   .6340
O
20
.0000,   .5000,   .0000
.0000,   .0000,   .9320
.0000,   .5000,   .3640
.0000,   .0000,   .7960
.5000,   .0000,   .0000
.0000,   .0000,   .0680
.5000,   .0000,   .3640
.0000,   .5000,   .6360
.5000,   .0000,   .6360
.0000,   .0000,   .2040
.5000,   .0000,   .5000
.5000,   .5000,   .4320
.5000,   .0000,   .8640
.5000,   .5000,   .2960
.0000,   .5000,   .5000
.5000,   .5000,   .5680
.0000,   .5000,   .8640
.5000,   .0000,   .1360
.0000,   .5000,   .1360
.5000,   .5000,   .7040
