;
;
;=====================================================
; ICSD-170157 Name Triyttrium aluminium oxide (YAG)
; Y3Al5O12 - symmetry: Ia-3d (# 230), (Z=8)
; Submitted by David Walker, University of Warwick
;-----------------------------------------
#Y3Al5O12
 6, 0
 12.0062, 0.25
Y
 24
   0.1250, 0.0000, 0.2500
   0.6250, 0.5000, 0.7500
   0.2500, 0.8750, 0.5000
   0.7500, 0.3750, 0.0000
   0.8750, 0.5000, 0.2500
   0.3750, 0.0000, 0.7500
   0.2500, 0.1250, 0.0000
   0.7500, 0.6250, 0.5000
   0.0000, 0.2500, 0.1250
   0.5000, 0.7500, 0.6250
   0.0000, 0.7500, 0.3750
   0.5000, 0.2500, 0.8750
   0.8750, 0.0000, 0.7500
   0.3750, 0.5000, 0.2500
   0.2500, 0.6250, 0.0000
   0.7500, 0.1250, 0.5000
   0.1250, 0.5000, 0.7500
   0.6250, 0.0000, 0.2500
   0.2500, 0.3750, 0.5000
   0.7500, 0.8750, 0.0000
   0.5000, 0.2500, 0.3750
   0.0000, 0.7500, 0.8750
   0.5000, 0.7500, 0.1250
   0.0000, 0.2500, 0.6250
Al
  20
   0.0000, 0.0000, 0.0000
   0.5000, 0.5000, 0.5000
   0.2500, 0.7500, 0.2500
   0.7500, 0.2500, 0.7500
   0.0000, 0.5000, 0.0000
   0.5000, 0.0000, 0.5000
   0.2500, 0.2500, 0.7500
   0.7500, 0.7500, 0.2500
   0.0000, 0.0000, 0.5000
   0.5000, 0.5000, 0.0000
   0.7500, 0.2500, 0.2500
   0.2500, 0.7500, 0.7500
   0.5000, 0.0000, 0.0000
   0.0000, 0.5000, 0.5000
   0.2500, 0.2500, 0.2500
   0.7500, 0.7500, 0.7500
   0.3750, 0.0000, 0.2500
   0.8750, 0.5000, 0.7500
   0.2500, 0.1250, 0.5000
   0.7500, 0.6250, 0.0000
Al
  20
   0.6250, 0.5000, 0.2500
   0.1250, 0.0000, 0.7500
   0.2500, 0.8750, 0.0000
   0.7500, 0.3750, 0.5000
   0.6250, 0.0000, 0.7500
   0.1250, 0.5000, 0.2500
   0.0000, 0.2500, 0.8750
   0.5000, 0.7500, 0.3750
   0.0000, 0.7500, 0.6250
   0.5000, 0.2500, 0.1250
   0.2500, 0.3750, 0.0000
   0.7500, 0.8750, 0.5000
   0.0000, 0.2500, 0.3750
   0.5000, 0.7500, 0.8750
   0.2500, 0.6250, 0.5000
   0.7500, 0.1250, 0.0000
   0.5000, 0.2500, 0.6250
   0.0000, 0.7500, 0.1250
   0.8750, 0.0000, 0.2500
   0.3750, 0.5000, 0.7500
O
 32
   0.9682, 0.0511, 0.1498
   0.4682, 0.5511, 0.6498
   0.1989, 0.7182, 0.3998
   0.6989, 0.2182, 0.8998
   0.0318, 0.4489, 0.1498
   0.5318, 0.9489, 0.6498
   0.3011, 0.2818, 0.8998
   0.8011, 0.7818, 0.3998
   0.2182, 0.1002, 0.8011
   0.7182, 0.6002, 0.3011
   0.9682, 0.9489, 0.3502
   0.4682, 0.4489, 0.8502
   0.7182, 0.3998, 0.1989
   0.2182, 0.8998, 0.6989
   0.8998, 0.3011, 0.2818
   0.3998, 0.8011, 0.7818
   0.5318, 0.0511, 0.8502
   0.0318, 0.5511, 0.3502
   0.1002, 0.8011, 0.2182
   0.6002, 0.3011, 0.7182
   0.1498, 0.9682, 0.0511
   0.6498, 0.4682, 0.5511
   0.0511, 0.1498, 0.9682
   0.5511, 0.6498, 0.4682
   0.9489, 0.3502, 0.9682
   0.4489, 0.8502, 0.4682
   0.1498, 0.0318, 0.4489
   0.6498, 0.5318, 0.9489
   0.4489, 0.1498, 0.0318
   0.9489, 0.6498, 0.5318
   0.8502, 0.5318, 0.0511
   0.3502, 0.0318, 0.5511
O
 32
   0.3502, 0.9682, 0.9489
   0.8502, 0.4682, 0.4489
   0.0511, 0.8502, 0.5318
   0.5511, 0.3502, 0.0318
   0.8011, 0.2182, 0.1002
   0.3011, 0.7182, 0.6002
   0.1989, 0.2818, 0.1002
   0.6989, 0.7818, 0.6002
   0.2818, 0.8998, 0.3011
   0.7818, 0.3998, 0.8011
   0.2818, 0.1002, 0.1989
   0.7818, 0.6002, 0.6989
   0.3998, 0.1989, 0.7182
   0.8998, 0.6989, 0.2182
   0.1002, 0.1989, 0.2818
   0.6002, 0.6989, 0.7818
   0.0318, 0.9489, 0.8502
   0.5318, 0.4489, 0.3502
   0.3011, 0.7818, 0.1002
   0.8011, 0.2818, 0.6002
   0.9682, 0.5511, 0.8502
   0.4682, 0.0511, 0.3502
   0.1989, 0.2182, 0.6002
   0.6989, 0.7182, 0.1002
   0.2818, 0.3998, 0.6989
   0.7818, 0.8998, 0.1989
   0.0318, 0.0511, 0.6498
   0.5318, 0.5511, 0.1498
   0.7818, 0.1002, 0.3011
   0.2818, 0.6002, 0.8011
   0.6002, 0.1989, 0.2182
   0.1002, 0.6989, 0.7182
O
 32
   0.4682, 0.9489, 0.1498
   0.9682, 0.4489, 0.6498
   0.3998, 0.6989, 0.2818
   0.8998, 0.1989, 0.7818
   0.8502, 0.0318, 0.9489
   0.3502, 0.5318, 0.4489
   0.9489, 0.8502, 0.0318
   0.4489, 0.3502, 0.5318
   0.0511, 0.6498, 0.0318
   0.5511, 0.1498, 0.5318
   0.8502, 0.9682, 0.5511
   0.3502, 0.4682, 0.0511
   0.5511, 0.8502, 0.9682
   0.0511, 0.3502, 0.4682
   0.1498, 0.4682, 0.9489
   0.6498, 0.9682, 0.4489
   0.6498, 0.0318, 0.0511
   0.1498, 0.5318, 0.5511
   0.9489, 0.1498, 0.4682
   0.4489, 0.6498, 0.9682
   0.6989, 0.2818, 0.3998
   0.1989, 0.7818, 0.8998
   0.3011, 0.2182, 0.3998
   0.8011, 0.7182, 0.8998
   0.2182, 0.6002, 0.1989
   0.7182, 0.1002, 0.6989
   0.2182, 0.3998, 0.3011
   0.7182, 0.8998, 0.8011
   0.1002, 0.3011, 0.7818
   0.6002, 0.8011, 0.2818
   0.3998, 0.3011, 0.2182
   0.8998, 0.8011, 0.7182
