;
;=====================================================
;
; alpha-Zinc Phosphide [Zn(3)P(2)] - symmetry: P42/n m c (#137:2)
;
; Reference: von Stackelberg, M.; Paulus, R.
; Zeitschrift fuer Physikalische Chemie, Abteilung B: Chemie der, 1935
;
; Submitted 06/2011 by Jedd Bosco, CalTech
;-----------------------------------------
#Zn3P2
 2, 3
8.0950, 11.4700
Zn
  24
   .7500,   0.5337,   0.1341
   .7500,   0.9663,   0.1341
   .2500,   0.4663,   0.8659
   .2500,   0.0337,   0.8659
   .5337,   0.7500,   0.6341
   .4663,   0.2500,   0.3659
   .0337,   0.2500,   0.3659
   .9663,   0.7500,   0.6341
   .7500,   0.4662,   0.8560
   .7500,   0.0338,   0.8560
   .2500,   0.5338,   0.1440
   .2500,   0.9662,   0.1440
   .4662,   0.7500,   0.3560
   .5338,   0.2500,   0.6440
   .9662,   0.2500,   0.6440
   .0338,   0.7500,   0.3560
   .7500,   0.4967,   0.3977
   .7500,   0.0033,   0.3977
   .2500,   0.5033,   0.6023
   .2500,   0.9967,   0.6023
   .4967,   0.7500,   0.8977
   .5033,   0.2500,   0.1023
   .9967,   0.2500,   0.1023
   .0033,   0.7500,   0.8977
P
 16
   .7500,   .2500,   .9970
   .2500,   .7500,   .0030
   .2500,   .7500,   .4970
   .7500,   .2500,   .5030
   .7500,   .7500,   .9960
   .2500,   .2500,   .0040
   .7500,   .7500,   .4960
   .2500,   .2500,   .5040
   .0042,   .5042,   .7500
   .0042,   .9958,   .7500
   .9958,   .4958,   .2500
   .9958,   .0042,   .2500
   .5042,   .0042,   .2500
   .5042,   .4958,   .2500
   .4958,   .9958,   .7500
   .4958,   .5042,   .7500
