0                    Si (111)   6.27  2.0-22.7 (  259) 0.12 53
0                   GaP (111)   6.29  2.0-22.6 (  512) 0.23 65
1                   AlP (111)   6.30  2.0-22.6 (  216) 0.10 62
1                   UO2 (111)   6.32  2.0-22.5 ( 1136) 0.52 82
1           Molybdenite (010)   6.32  2.0-22.5 (  299) 0.14 70
1               Zincite (010)   6.50  1.9-21.9 (  488) 0.22 48
0                  NaCl (111)   6.51  1.9-21.8 (   49) 0.02 26
1                 Fe3Si (111)   6.53  1.9-21.8 (  229) 0.11 12
0                  GaAs (111)   6.53  1.9-21.8 (  688) 0.32 57
0                    Ge (111)   6.53  1.9-21.8 (  691) 0.32 54
1               Co2FeSi (111)   6.53  1.9-21.8 (  229) 0.11 11
1                 FeBO3 (110)   6.54  1.9-21.8 (  252) 0.12 58
1                  AlAs (111)   6.54  1.9-21.8 (  521) 0.24 65
1                  ZnSe (111)   6.55  1.9-21.7 (  679) 0.31 60
1               Co2TiSi (111)   6.63  1.9-21.5 (  145) 0.07 6
1                 AlFe3 (111)   6.70  1.9-21.2 (  220) 0.10 12
1          Sapphire_hex (110)   6.73  1.8-21.1 (  168) 0.08 38
1                   CdS (111)   6.73  1.8-21.1 (  681) 0.31 77
1                   HgS (111)   6.76  1.8-21.1 (  778) 0.36 76
0                   InP (111)   6.78  1.8-21.0 (  685) 0.31 79
0                   CsF (111)   6.94  1.8-20.5 (  590) 0.27 69
0                  InAs (111)   6.97  1.8-20.4 (  793) 0.36 64
1                  CdSe (111)   6.99  1.8-20.4 (  772) 0.35 66
1                  HgSe (111)   7.03  1.8-20.2 (  875) 0.40 63
0                  GaSb (111)   7.04  1.8-20.2 (  817) 0.37 55
1                  ZnTe (111)   7.05  1.8-20.2 (  820) 0.38 58
1                   InN (010)   7.08  1.8-20.1 (  601) 0.28 49
1                  AlSb (111)   7.08  1.8-20.1 (  699) 0.32 67
1                  GdSb (111)   7.18  1.7-19.8 (   58) 0.03 5
0                   KCl (111)   7.27  1.7-19.6 (   33) 0.02 17
1                LiNbO3 (110)   7.28  1.7-19.5 (  330) 0.15 61
1                LiTaO3 (110)   7.29  1.7-19.5 (  401) 0.18 51
1    La2CuO4_tetragonal (011)   7.37  1.7-19.3 (  229) 0.11 8
1     La(.5)Sr(1.5)MnO4 (011)   7.38  1.7-19.3 (   58) 0.03 2
1               Sr2TiO4 (011)   7.42  1.7-19.2 (   65) 0.03 7
1            Forsterite (101)   7.45  1.7-19.1 (   38) 0.02 4
1                  MnAs (010)   7.45  1.7-19.1 (  232) 0.11 7
1                CaMnO3 (001)   7.46  1.7-19.1 (  267) 0.12 35
1                  HgTe (111)   7.46  1.7-19.1 (  997) 0.46 60
0                  InSb (111)   7.48  1.7-19.0 (  898) 0.41 61
1                  InSb (111)   7.48  1.7-19.0 (  898) 0.41 61
1                  CdTe (111)   7.49  1.7-19.0 (  891) 0.41 63
1                 Cu3Au (001)   7.50  1.7-19.0 (  442) 0.20 7
1                LaAlO3 (001)   7.58  1.6-18.8 (  522) 0.24 30
1                LuPtBi (111)   7.59  1.6-18.8 (  621) 0.28 4
1                 SrVO3 (001)   7.68  1.6-18.5 (   96) 0.04 8
1                CaRuO3 (001)   7.70  1.6-18.5 (  497) 0.23 49
1          LaNiO3_cubic (001)   7.71  1.6-18.4 (  200) 0.09 8
1             Sr4Ti3O10 (011)   7.73  1.6-18.4 (   41) 0.02 2
1                LaMnO3 (001)   7.76  1.6-18.3 (  257) 0.12 15
1                LaCuO3 (001)   7.79  1.6-18.3 (  174) 0.08 6
1      La(.7)Sr(.3)MnO3 (110)   7.79  1.6-18.3 (  868) 0.40 68
1                SrTiO3 (001)   7.81  1.6-18.2 (   62) 0.03 4
1     SrTiO3_tetragonal (110)   7.81  1.6-18.2 (   62) 0.03 4
1          LaFeO3_cubic (001)   7.86  1.6-18.1 (  229) 0.11 12
1              La2O3hex (010)   7.88  1.6-18.1 (  526) 0.24 24
1  PbMg.24Nb.48Ti.28O3r (001)   7.95  1.6-17.9 (  456) 0.21 23
1     Bismuth-primitive (001)   7.98  1.6-17.8 (  144) 0.07 3
1   PbMg.24Nb.47Ti.29O3 (001)   8.03  1.5-17.7 (  436) 0.20 26
1                   LiF (001)   8.06  1.5-17.7 (  162) 0.07 48
1                BaTiO3 (001)   8.06  1.5-17.6 (  308) 0.14 23
1         Paratellurite (011)   8.13  1.5-17.5 (  213) 0.10 5
1                  CsCl (001)   8.25  1.5-17.3 (  537) 0.25 60
1    PZT_PbZr.52Ti.48O3 (001)   8.28  1.5-17.2 (  269) 0.12 38
0                  LaB6 (001)   8.31  1.5-17.1 (  509) 0.23 67
1                PbTiO3 (001)   8.31  1.5-17.1 (  543) 0.25 30
0           AlphaQuartz (010)   8.51  1.5-16.7 (  177) 0.08 44
1  PbMg.25Nb.49Ti.26O3h (011)   8.82  1.4-16.1 ( 1046) 0.48 54
1           Tellurium-I (010)   8.91  1.4-16.0 (  453) 0.21 12
0             Muscovite (110)   8.96  1.4-15.9 (   65) 0.03 8
1        Sapphire_rhomb (011)   9.09  1.4-15.7 (  190) 0.09 36
1               CsH2PO4 (001)   9.30  1.3-15.3 (  187) 0.09 23
1               MgAl2O4 (111)   9.33  1.3-15.2 (  254) 0.12 34
1               Li2B4O7 (200)   9.47  1.3-15.0 (   70) 0.03 8
1              Y3Al5O12 (211)   9.80  1.3-14.5 (  147) 0.07 8
1                Quartz (010)   9.83  1.3-14.5 (  224) 0.10 38
1                PbMoO4 (011)   9.91  1.3-14.4 (  212) 0.10 4
0                   PET (011)  10.00  1.2-14.2 (  140) 0.06 39
1                   KDP (011)  10.17  1.2-14.0 (  128) 0.06 12
1                PbZrO3 (110)  10.53  1.2-13.5 (  344) 0.16 4
1                   ADP (011)  10.66  1.2-13.3 (  323) 0.15 48
1               KTiOPO4 (011)  10.96  1.1-13.0 (  316) 0.15 19
0                   KTP (011)  10.97  1.1-13.0 (  316) 0.14 19
1                  NaCl (001)  11.28  1.1-12.6 (  206) 0.09 11
1             CaCO3_R3c (011)  11.72  1.1-12.1 (  100) 0.05 5
1                 Fe2As (001)  11.95  1.0-11.9 (  850) 0.39 3
1                   KCl (001)  12.59  1.0-11.3 (  189) 0.09 12
1                  PbTe (001)  12.92  1.0-11.0 (  456) 0.21 2
1           Bismuth-fcc (001)  13.13  0.9-10.8 ( 1178) 0.54 6
0                  CsCl (001)  14.04  0.9-10.1 (  130) 0.06 33
1               C9H10N2 (011)  14.36  0.9-9.9 (  122) 0.06 13
0                 Beryl (010)  15.74  0.8-9.0 (  583) 0.27 13
0                  TlAP (001)  25.76  0.5-5.5 ( 1091) 0.50 8
0                  RbAP (001)  26.14  0.5-5.4 (  954) 0.44 5
0                   KAP (001)  27.70  0.4-5.1 (  667) 0.31 2
