
#S 39 YB66
#UCELL 23.44 23.44 23.44 90.0000 90.0000 90.0000
#USYSTEM Cubic
#UREF Pierre Villars (Chief Editor), PAULING FILE in: Inorganic Solid Phases, SpringerMaterials (online database), Springer, Heidelberg (ed.) SpringerMaterials
#UTEMP 298.15
#C YB66 anisotropic temperature factor
#UANISO_COFF_B1 1 96 0.00038 0.00044 0.00039 0 0 0
#UANISO_COFF_B2 97 192 0.00053 0.00041 0.00040 0 0 0
#UANISO_COFF_B3 193 288 0.00048 0.00041 0.00029 0 0 0
#UANISO_COFF_B4 289 384 0.00034 0.00035 0.00027 0 0 0
#UANISO_COFF_B5 385 480 0.00045 0.00030 0.00040 0 0 0
#UANISO_COFF_B6 481 672 0.00068 0.00038 0.00038 0.00006 0.00009 0.00011
#UANISO_COFF_B7 673 864 0.00068 0.00035 0.00031 -0.00001 -0.00006 0.00007
#UANISO_COFF_B8 865 1056 0.00045 0.00042 0.00050 -0.00002 0.00020 -0.00005
#UANISO_COFF_B9 1057 1248 0.00052 0.00030 0.00076 0.00004 -0.00001 0.00005
#UANISO_COFF_B10 1249 1440 0.00117 0.00140 0.00131 -0.00037 -0.00051 -0.00059
#UANISO_COFF_B11 1441 1632 0.00215 0.00155 0.00359 -0.00027 -0.00056 0.00049
#UANISO_COFF_B12 1633 1824 0.00101 0.00032 0.00111 -0.00014 -0.00084 0.00011
#UANISO_COFF_B13 1825 1888 0.00130 0.00130 0.00130 0.00056 0.00056 0.00056
#UANISO_COFF_Y 1889 1936 0.00051 0.00048 0.00048 0 0 0
#C Higashi I., Kobayashi K., Tanaka T., Ishizawa Y.: Structure Refinement of YB62 and YB56 of the YB66-Type Structure. Journal of Solid State Chemistry 133 (1997) 16-20
#C S.M. Richards and J.S. Kaspar: The crystal structure of YB66. Acta Crystallogr. Sect. B Struct. Crystallogr. Cryst. Chem. 25, 237251 (1969)
#C Coordinators tabulated by Xiaojiang Yu <xiaojiang@nus.edu.sg>, with suggestion from Manuel Sanchez del Rio <srio@esrf.fr>
#N  6
#L  AtomicNumber  Fraction  X  Y  Z  Charge
5   1   0.5   0.94077   0.96284   -0.045548
5   1   0   0.55923   0.96284   -0.045548
5   1   0.55923   0.5   0.96284   -0.045548
5   1   0.44077   0.5   0.96284   -0.045548
5   1   0   0.44077   0.96284   -0.045548
5   1   0.5   0.05923   0.96284   -0.045548
5   1   0.94077   0   0.96284   -0.045548
5   1   0.05923   0   0.96284   -0.045548
5   1   0   0.96284   0.94077   -0.045548
5   1   0.5   0.53716   0.94077   -0.045548
5   1   0.96284   0.5   0.94077   -0.045548
5   1   0.03716   0.5   0.94077   -0.045548
5   1   0.5   0.46284   0.94077   -0.045548
5   1   0   0.03716   0.94077   -0.045548
5   1   0.53716   0   0.94077   -0.045548
5   1   0.46284   0   0.94077   -0.045548
5   1   0.5   0.96284   0.55923   -0.045548
5   1   0   0.53716   0.55923   -0.045548
5   1   0.53716   0.5   0.55923   -0.045548
5   1   0.46284   0.5   0.55923   -0.045548
5   1   0   0.46284   0.55923   -0.045548
5   1   0.5   0.03716   0.55923   -0.045548
5   1   0.96284   0   0.55923   -0.045548
5   1   0.03716   0   0.55923   -0.045548
5   1   0   0.94077   0.53716   -0.045548
5   1   0.5   0.55923   0.53716   -0.045548
5   1   0.94077   0.5   0.53716   -0.045548
5   1   0.05923   0.5   0.53716   -0.045548
5   1   0.5   0.44077   0.53716   -0.045548
5   1   0   0.05923   0.53716   -0.045548
5   1   0.55923   0   0.53716   -0.045548
5   1   0.44077   0   0.53716   -0.045548
5   1   0.94077   0.96284   0.5   -0.045548
5   1   0.05923   0.96284   0.5   -0.045548
5   1   0.53716   0.94077   0.5   -0.045548
5   1   0.46284   0.94077   0.5   -0.045548
5   1   0.96284   0.55923   0.5   -0.045548
5   1   0.03716   0.55923   0.5   -0.045548
5   1   0.55923   0.53716   0.5   -0.045548
5   1   0.44077   0.53716   0.5   -0.045548
5   1   0.55923   0.46284   0.5   -0.045548
5   1   0.44077   0.46284   0.5   -0.045548
5   1   0.96284   0.44077   0.5   -0.045548
5   1   0.03716   0.44077   0.5   -0.045548
5   1   0.53716   0.05923   0.5   -0.045548
5   1   0.46284   0.05923   0.5   -0.045548
5   1   0.94077   0.03716   0.5   -0.045548
5   1   0.05923   0.03716   0.5   -0.045548
5   1   0   0.94077   0.46284   -0.045548
5   1   0.5   0.55923   0.46284   -0.045548
5   1   0.94077   0.5   0.46284   -0.045548
5   1   0.05923   0.5   0.46284   -0.045548
5   1   0.5   0.44077   0.46284   -0.045548
5   1   0   0.05923   0.46284   -0.045548
5   1   0.55923   0   0.46284   -0.045548
5   1   0.44077   0   0.46284   -0.045548
5   1   0.5   0.96284   0.44077   -0.045548
5   1   0   0.53716   0.44077   -0.045548
5   1   0.53716   0.5   0.44077   -0.045548
5   1   0.46284   0.5   0.44077   -0.045548
5   1   0   0.46284   0.44077   -0.045548
5   1   0.5   0.03716   0.44077   -0.045548
5   1   0.96284   0   0.44077   -0.045548
5   1   0.03716   0   0.44077   -0.045548
5   1   0   0.96284   0.05923   -0.045548
5   1   0.5   0.53716   0.05923   -0.045548
5   1   0.96284   0.5   0.05923   -0.045548
5   1   0.03716   0.5   0.05923   -0.045548
5   1   0.5   0.46284   0.05923   -0.045548
5   1   0   0.03716   0.05923   -0.045548
5   1   0.53716   0   0.05923   -0.045548
5   1   0.46284   0   0.05923   -0.045548
5   1   0.5   0.94077   0.03716   -0.045548
5   1   0   0.55923   0.03716   -0.045548
5   1   0.55923   0.5   0.03716   -0.045548
5   1   0.44077   0.5   0.03716   -0.045548
5   1   0   0.44077   0.03716   -0.045548
5   1   0.5   0.05923   0.03716   -0.045548
5   1   0.94077   0   0.03716   -0.045548
5   1   0.05923   0   0.03716   -0.045548
5   1   0.55923   0.96284   0   -0.045548
5   1   0.44077   0.96284   0   -0.045548
5   1   0.96284   0.94077   0   -0.045548
5   1   0.03716   0.94077   0   -0.045548
5   1   0.53716   0.55923   0   -0.045548
5   1   0.46284   0.55923   0   -0.045548
5   1   0.94077   0.53716   0   -0.045548
5   1   0.05923   0.53716   0   -0.045548
5   1   0.94077   0.46284   0   -0.045548
5   1   0.05923   0.46284   0   -0.045548
5   1   0.53716   0.44077   0   -0.045548
5   1   0.46284   0.44077   0   -0.045548
5   1   0.96284   0.05923   0   -0.045548
5   1   0.03716   0.05923   0   -0.045548
5   1   0.55923   0.03716   0   -0.045548
5   1   0.44077   0.03716   0   -0.045548
5   1   0.5   0.88341   0.92402   -0.045548
5   1   0   0.61659   0.92402   -0.045548
5   1   0.61659   0.5   0.92402   -0.045548
5   1   0.38341   0.5   0.92402   -0.045548
5   1   0   0.38341   0.92402   -0.045548
5   1   0.5   0.11659   0.92402   -0.045548
5   1   0.88341   0   0.92402   -0.045548
5   1   0.11659   0   0.92402   -0.045548
5   1   0   0.92402   0.88341   -0.045548
5   1   0.5   0.57598   0.88341   -0.045548
5   1   0.92402   0.5   0.88341   -0.045548
5   1   0.07598   0.5   0.88341   -0.045548
5   1   0.5   0.42402   0.88341   -0.045548
5   1   0   0.07598   0.88341   -0.045548
5   1   0.57598   0   0.88341   -0.045548
5   1   0.42402   0   0.88341   -0.045548
5   1   0.5   0.92402   0.61659   -0.045548
5   1   0   0.57598   0.61659   -0.045548
5   1   0.57598   0.5   0.61659   -0.045548
5   1   0.42402   0.5   0.61659   -0.045548
5   1   0   0.42402   0.61659   -0.045548
5   1   0.5   0.07598   0.61659   -0.045548
5   1   0.92402   0   0.61659   -0.045548
5   1   0.07598   0   0.61659   -0.045548
5   1   0   0.88341   0.57598   -0.045548
5   1   0.5   0.61659   0.57598   -0.045548
5   1   0.88341   0.5   0.57598   -0.045548
5   1   0.11659   0.5   0.57598   -0.045548
5   1   0.5   0.38341   0.57598   -0.045548
5   1   0   0.11659   0.57598   -0.045548
5   1   0.61659   0   0.57598   -0.045548
5   1   0.38341   0   0.57598   -0.045548
5   1   0.88341   0.92402   0.5   -0.045548
5   1   0.11659   0.92402   0.5   -0.045548
5   1   0.57598   0.88341   0.5   -0.045548
5   1   0.42402   0.88341   0.5   -0.045548
5   1   0.92402   0.61659   0.5   -0.045548
5   1   0.07598   0.61659   0.5   -0.045548
5   1   0.61659   0.57598   0.5   -0.045548
5   1   0.38341   0.57598   0.5   -0.045548
5   1   0.61659   0.42402   0.5   -0.045548
5   1   0.38341   0.42402   0.5   -0.045548
5   1   0.92402   0.38341   0.5   -0.045548
5   1   0.07598   0.38341   0.5   -0.045548
5   1   0.57598   0.11659   0.5   -0.045548
5   1   0.42402   0.11659   0.5   -0.045548
5   1   0.88341   0.07598   0.5   -0.045548
5   1   0.11659   0.07598   0.5   -0.045548
5   1   0   0.88341   0.42402   -0.045548
5   1   0.5   0.61659   0.42402   -0.045548
5   1   0.88341   0.5   0.42402   -0.045548
5   1   0.11659   0.5   0.42402   -0.045548
5   1   0.5   0.38341   0.42402   -0.045548
5   1   0   0.11659   0.42402   -0.045548
5   1   0.61659   0   0.42402   -0.045548
5   1   0.38341   0   0.42402   -0.045548
5   1   0.5   0.92402   0.38341   -0.045548
5   1   0   0.57598   0.38341   -0.045548
5   1   0.57598   0.5   0.38341   -0.045548
5   1   0.42402   0.5   0.38341   -0.045548
5   1   0   0.42402   0.38341   -0.045548
5   1   0.5   0.07598   0.38341   -0.045548
5   1   0.92402   0   0.38341   -0.045548
5   1   0.07598   0   0.38341   -0.045548
5   1   0   0.92402   0.11659   -0.045548
5   1   0.5   0.57598   0.11659   -0.045548
5   1   0.92402   0.5   0.11659   -0.045548
5   1   0.07598   0.5   0.11659   -0.045548
5   1   0.5   0.42402   0.11659   -0.045548
5   1   0   0.07598   0.11659   -0.045548
5   1   0.57598   0   0.11659   -0.045548
5   1   0.42402   0   0.11659   -0.045548
5   1   0.5   0.88341   0.07598   -0.045548
5   1   0   0.61659   0.07598   -0.045548
5   1   0.61659   0.5   0.07598   -0.045548
5   1   0.38341   0.5   0.07598   -0.045548
5   1   0   0.38341   0.07598   -0.045548
5   1   0.5   0.11659   0.07598   -0.045548
5   1   0.88341   0   0.07598   -0.045548
5   1   0.11659   0   0.07598   -0.045548
5   1   0.61659   0.92402   0   -0.045548
5   1   0.38341   0.92402   0   -0.045548
5   1   0.92402   0.88341   0   -0.045548
5   1   0.07598   0.88341   0   -0.045548
5   1   0.57598   0.61659   0   -0.045548
5   1   0.42402   0.61659   0   -0.045548
5   1   0.88341   0.57598   0   -0.045548
5   1   0.11659   0.57598   0   -0.045548
5   1   0.88341   0.42402   0   -0.045548
5   1   0.11659   0.42402   0   -0.045548
5   1   0.57598   0.38341   0   -0.045548
5   1   0.42402   0.38341   0   -0.045548
5   1   0.92402   0.11659   0   -0.045548
5   1   0.07598   0.11659   0   -0.045548
5   1   0.61659   0.07598   0   -0.045548
5   1   0.38341   0.07598   0   -0.045548
5   1   0.5   0.81855   0.96111   -0.045548
5   1   0   0.68145   0.96111   -0.045548
5   1   0.68145   0.5   0.96111   -0.045548
5   1   0.31855   0.5   0.96111   -0.045548
5   1   0   0.31855   0.96111   -0.045548
5   1   0.5   0.18145   0.96111   -0.045548
5   1   0.81855   0   0.96111   -0.045548
5   1   0.18145   0   0.96111   -0.045548
5   1   0   0.96111   0.81855   -0.045548
5   1   0.5   0.53889   0.81855   -0.045548
5   1   0.96111   0.5   0.81855   -0.045548
5   1   0.03889   0.5   0.81855   -0.045548
5   1   0.5   0.46111   0.81855   -0.045548
5   1   0   0.03889   0.81855   -0.045548
5   1   0.53889   0   0.81855   -0.045548
5   1   0.46111   0   0.81855   -0.045548
5   1   0.5   0.96111   0.68145   -0.045548
5   1   0   0.53889   0.68145   -0.045548
5   1   0.53889   0.5   0.68145   -0.045548
5   1   0.46111   0.5   0.68145   -0.045548
5   1   0   0.46111   0.68145   -0.045548
5   1   0.5   0.03889   0.68145   -0.045548
5   1   0.96111   0   0.68145   -0.045548
5   1   0.03889   0   0.68145   -0.045548
5   1   0   0.81855   0.53889   -0.045548
5   1   0.5   0.68145   0.53889   -0.045548
5   1   0.81855   0.5   0.53889   -0.045548
5   1   0.18145   0.5   0.53889   -0.045548
5   1   0.5   0.31855   0.53889   -0.045548
5   1   0   0.18145   0.53889   -0.045548
5   1   0.68145   0   0.53889   -0.045548
5   1   0.31855   0   0.53889   -0.045548
5   1   0.81855   0.96111   0.5   -0.045548
5   1   0.18145   0.96111   0.5   -0.045548
5   1   0.53889   0.81855   0.5   -0.045548
5   1   0.46111   0.81855   0.5   -0.045548
5   1   0.96111   0.68145   0.5   -0.045548
5   1   0.03889   0.68145   0.5   -0.045548
5   1   0.68145   0.53889   0.5   -0.045548
5   1   0.31855   0.53889   0.5   -0.045548
5   1   0.68145   0.46111   0.5   -0.045548
5   1   0.31855   0.46111   0.5   -0.045548
5   1   0.96111   0.31855   0.5   -0.045548
5   1   0.03889   0.31855   0.5   -0.045548
5   1   0.53889   0.18145   0.5   -0.045548
5   1   0.46111   0.18145   0.5   -0.045548
5   1   0.81855   0.03889   0.5   -0.045548
5   1   0.18145   0.03889   0.5   -0.045548
5   1   0   0.81855   0.46111   -0.045548
5   1   0.5   0.68145   0.46111   -0.045548
5   1   0.81855   0.5   0.46111   -0.045548
5   1   0.18145   0.5   0.46111   -0.045548
5   1   0.5   0.31855   0.46111   -0.045548
5   1   0   0.18145   0.46111   -0.045548
5   1   0.68145   0   0.46111   -0.045548
5   1   0.31855   0   0.46111   -0.045548
5   1   0.5   0.96111   0.31855   -0.045548
5   1   0   0.53889   0.31855   -0.045548
5   1   0.53889   0.5   0.31855   -0.045548
5   1   0.46111   0.5   0.31855   -0.045548
5   1   0   0.46111   0.31855   -0.045548
5   1   0.5   0.03889   0.31855   -0.045548
5   1   0.96111   0   0.31855   -0.045548
5   1   0.03889   0   0.31855   -0.045548
5   1   0   0.96111   0.18145   -0.045548
5   1   0.5   0.53889   0.18145   -0.045548
5   1   0.96111   0.5   0.18145   -0.045548
5   1   0.03889   0.5   0.18145   -0.045548
5   1   0.5   0.46111   0.18145   -0.045548
5   1   0   0.03889   0.18145   -0.045548
5   1   0.53889   0   0.18145   -0.045548
5   1   0.46111   0   0.18145   -0.045548
5   1   0.5   0.81855   0.03889   -0.045548
5   1   0   0.68145   0.03889   -0.045548
5   1   0.68145   0.5   0.03889   -0.045548
5   1   0.31855   0.5   0.03889   -0.045548
5   1   0   0.31855   0.03889   -0.045548
5   1   0.5   0.18145   0.03889   -0.045548
5   1   0.81855   0   0.03889   -0.045548
5   1   0.18145   0   0.03889   -0.045548
5   1   0.68145   0.96111   0   -0.045548
5   1   0.31855   0.96111   0   -0.045548
5   1   0.96111   0.81855   0   -0.045548
5   1   0.03889   0.81855   0   -0.045548
5   1   0.53889   0.68145   0   -0.045548
5   1   0.46111   0.68145   0   -0.045548
5   1   0.81855   0.53889   0   -0.045548
5   1   0.18145   0.53889   0   -0.045548
5   1   0.81855   0.46111   0   -0.045548
5   1   0.18145   0.46111   0   -0.045548
5   1   0.53889   0.31855   0   -0.045548
5   1   0.46111   0.31855   0   -0.045548
5   1   0.96111   0.18145   0   -0.045548
5   1   0.03889   0.18145   0   -0.045548
5   1   0.68145   0.03889   0   -0.045548
5   1   0.31855   0.03889   0   -0.045548
5   1   0.5   0.75812   0.85165   -0.045548
5   1   0   0.74188   0.85165   -0.045548
5   1   0.74188   0.5   0.85165   -0.045548
5   1   0.25812   0.5   0.85165   -0.045548
5   1   0   0.25812   0.85165   -0.045548
5   1   0.5   0.24188   0.85165   -0.045548
5   1   0.75812   0   0.85165   -0.045548
5   1   0.24188   0   0.85165   -0.045548
5   1   0   0.85165   0.75812   -0.045548
5   1   0.5   0.64835   0.75812   -0.045548
5   1   0.85165   0.5   0.75812   -0.045548
5   1   0.14835   0.5   0.75812   -0.045548
5   1   0.5   0.35165   0.75812   -0.045548
5   1   0   0.14835   0.75812   -0.045548
5   1   0.64835   0   0.75812   -0.045548
5   1   0.35165   0   0.75812   -0.045548
5   1   0.5   0.85165   0.74188   -0.045548
5   1   0   0.64835   0.74188   -0.045548
5   1   0.64835   0.5   0.74188   -0.045548
5   1   0.35165   0.5   0.74188   -0.045548
5   1   0   0.35165   0.74188   -0.045548
5   1   0.5   0.14835   0.74188   -0.045548
5   1   0.85165   0   0.74188   -0.045548
5   1   0.14835   0   0.74188   -0.045548
5   1   0   0.75812   0.64835   -0.045548
5   1   0.5   0.74188   0.64835   -0.045548
5   1   0.75812   0.5   0.64835   -0.045548
5   1   0.24188   0.5   0.64835   -0.045548
5   1   0.5   0.25812   0.64835   -0.045548
5   1   0   0.24188   0.64835   -0.045548
5   1   0.74188   0   0.64835   -0.045548
5   1   0.25812   0   0.64835   -0.045548
5   1   0.75812   0.85165   0.5   -0.045548
5   1   0.24188   0.85165   0.5   -0.045548
5   1   0.64835   0.75812   0.5   -0.045548
5   1   0.35165   0.75812   0.5   -0.045548
5   1   0.85165   0.74188   0.5   -0.045548
5   1   0.14835   0.74188   0.5   -0.045548
5   1   0.74188   0.64835   0.5   -0.045548
5   1   0.25812   0.64835   0.5   -0.045548
5   1   0.74188   0.35165   0.5   -0.045548
5   1   0.25812   0.35165   0.5   -0.045548
5   1   0.85165   0.25812   0.5   -0.045548
5   1   0.14835   0.25812   0.5   -0.045548
5   1   0.64835   0.24188   0.5   -0.045548
5   1   0.35165   0.24188   0.5   -0.045548
5   1   0.75812   0.14835   0.5   -0.045548
5   1   0.24188   0.14835   0.5   -0.045548
5   1   0   0.75812   0.35165   -0.045548
5   1   0.5   0.74188   0.35165   -0.045548
5   1   0.75812   0.5   0.35165   -0.045548
5   1   0.24188   0.5   0.35165   -0.045548
5   1   0.5   0.25812   0.35165   -0.045548
5   1   0   0.24188   0.35165   -0.045548
5   1   0.74188   0   0.35165   -0.045548
5   1   0.25812   0   0.35165   -0.045548
5   1   0.5   0.85165   0.25812   -0.045548
5   1   0   0.64835   0.25812   -0.045548
5   1   0.64835   0.5   0.25812   -0.045548
5   1   0.35165   0.5   0.25812   -0.045548
5   1   0   0.35165   0.25812   -0.045548
5   1   0.5   0.14835   0.25812   -0.045548
5   1   0.85165   0   0.25812   -0.045548
5   1   0.14835   0   0.25812   -0.045548
5   1   0   0.85165   0.24188   -0.045548
5   1   0.5   0.64835   0.24188   -0.045548
5   1   0.85165   0.5   0.24188   -0.045548
5   1   0.14835   0.5   0.24188   -0.045548
5   1   0.5   0.35165   0.24188   -0.045548
5   1   0   0.14835   0.24188   -0.045548
5   1   0.64835   0   0.24188   -0.045548
5   1   0.35165   0   0.24188   -0.045548
5   1   0.5   0.75812   0.14835   -0.045548
5   1   0   0.74188   0.14835   -0.045548
5   1   0.74188   0.5   0.14835   -0.045548
5   1   0.25812   0.5   0.14835   -0.045548
5   1   0   0.25812   0.14835   -0.045548
5   1   0.5   0.24188   0.14835   -0.045548
5   1   0.75812   0   0.14835   -0.045548
5   1   0.24188   0   0.14835   -0.045548
5   1   0.74188   0.85165   0   -0.045548
5   1   0.25812   0.85165   0   -0.045548
5   1   0.85165   0.75812   0   -0.045548
5   1   0.14835   0.75812   0   -0.045548
5   1   0.64835   0.74188   0   -0.045548
5   1   0.35165   0.74188   0   -0.045548
5   1   0.75812   0.64835   0   -0.045548
5   1   0.24188   0.64835   0   -0.045548
5   1   0.75812   0.35165   0   -0.045548
5   1   0.24188   0.35165   0   -0.045548
5   1   0.64835   0.25812   0   -0.045548
5   1   0.35165   0.25812   0   -0.045548
5   1   0.85165   0.24188   0   -0.045548
5   1   0.14835   0.24188   0   -0.045548
5   1   0.74188   0.14835   0   -0.045548
5   1   0.25812   0.14835   0   -0.045548
5   1   0   0.81407   0.82814   -0.045548
5   1   0.5   0.68593   0.82814   -0.045548
5   1   0.81407   0.5   0.82814   -0.045548
5   1   0.18593   0.5   0.82814   -0.045548
5   1   0.5   0.31407   0.82814   -0.045548
5   1   0   0.18593   0.82814   -0.045548
5   1   0.68593   0   0.82814   -0.045548
5   1   0.31407   0   0.82814   -0.045548
5   1   0.5   0.82814   0.81407   -0.045548
5   1   0   0.67186   0.81407   -0.045548
5   1   0.67186   0.5   0.81407   -0.045548
5   1   0.32814   0.5   0.81407   -0.045548
5   1   0   0.32814   0.81407   -0.045548
5   1   0.5   0.17186   0.81407   -0.045548
5   1   0.82814   0   0.81407   -0.045548
5   1   0.17186   0   0.81407   -0.045548
5   1   0   0.82814   0.68593   -0.045548
5   1   0.5   0.67186   0.68593   -0.045548
5   1   0.82814   0.5   0.68593   -0.045548
5   1   0.17186   0.5   0.68593   -0.045548
5   1   0.5   0.32814   0.68593   -0.045548
5   1   0   0.17186   0.68593   -0.045548
5   1   0.67186   0   0.68593   -0.045548
5   1   0.32814   0   0.68593   -0.045548
5   1   0.5   0.81407   0.67186   -0.045548
5   1   0   0.68593   0.67186   -0.045548
5   1   0.68593   0.5   0.67186   -0.045548
5   1   0.31407   0.5   0.67186   -0.045548
5   1   0   0.31407   0.67186   -0.045548
5   1   0.5   0.18593   0.67186   -0.045548
5   1   0.81407   0   0.67186   -0.045548
5   1   0.18593   0   0.67186   -0.045548
5   1   0.68593   0.82814   0.5   -0.045548
5   1   0.31407   0.82814   0.5   -0.045548
5   1   0.82814   0.81407   0.5   -0.045548
5   1   0.17186   0.81407   0.5   -0.045548
5   1   0.67186   0.68593   0.5   -0.045548
5   1   0.32814   0.68593   0.5   -0.045548
5   1   0.81407   0.67186   0.5   -0.045548
5   1   0.18593   0.67186   0.5   -0.045548
5   1   0.81407   0.32814   0.5   -0.045548
5   1   0.18593   0.32814   0.5   -0.045548
5   1   0.67186   0.31407   0.5   -0.045548
5   1   0.32814   0.31407   0.5   -0.045548
5   1   0.82814   0.18593   0.5   -0.045548
5   1   0.17186   0.18593   0.5   -0.045548
5   1   0.68593   0.17186   0.5   -0.045548
5   1   0.31407   0.17186   0.5   -0.045548
5   1   0.5   0.81407   0.32814   -0.045548
5   1   0   0.68593   0.32814   -0.045548
5   1   0.68593   0.5   0.32814   -0.045548
5   1   0.31407   0.5   0.32814   -0.045548
5   1   0   0.31407   0.32814   -0.045548
5   1   0.5   0.18593   0.32814   -0.045548
5   1   0.81407   0   0.32814   -0.045548
5   1   0.18593   0   0.32814   -0.045548
5   1   0   0.82814   0.31407   -0.045548
5   1   0.5   0.67186   0.31407   -0.045548
5   1   0.82814   0.5   0.31407   -0.045548
5   1   0.17186   0.5   0.31407   -0.045548
5   1   0.5   0.32814   0.31407   -0.045548
5   1   0   0.17186   0.31407   -0.045548
5   1   0.67186   0   0.31407   -0.045548
5   1   0.32814   0   0.31407   -0.045548
5   1   0.5   0.82814   0.18593   -0.045548
5   1   0   0.67186   0.18593   -0.045548
5   1   0.67186   0.5   0.18593   -0.045548
5   1   0.32814   0.5   0.18593   -0.045548
5   1   0   0.32814   0.18593   -0.045548
5   1   0.5   0.17186   0.18593   -0.045548
5   1   0.82814   0   0.18593   -0.045548
5   1   0.17186   0   0.18593   -0.045548
5   1   0   0.81407   0.17186   -0.045548
5   1   0.5   0.68593   0.17186   -0.045548
5   1   0.81407   0.5   0.17186   -0.045548
5   1   0.18593   0.5   0.17186   -0.045548
5   1   0.5   0.31407   0.17186   -0.045548
5   1   0   0.18593   0.17186   -0.045548
5   1   0.68593   0   0.17186   -0.045548
5   1   0.31407   0   0.17186   -0.045548
5   1   0.81407   0.82814   0   -0.045548
5   1   0.18593   0.82814   0   -0.045548
5   1   0.67186   0.81407   0   -0.045548
5   1   0.32814   0.81407   0   -0.045548
5   1   0.82814   0.68593   0   -0.045548
5   1   0.17186   0.68593   0   -0.045548
5   1   0.68593   0.67186   0   -0.045548
5   1   0.31407   0.67186   0   -0.045548
5   1   0.68593   0.32814   0   -0.045548
5   1   0.31407   0.32814   0   -0.045548
5   1   0.82814   0.31407   0   -0.045548
5   1   0.17186   0.31407   0   -0.045548
5   1   0.67186   0.18593   0   -0.045548
5   1   0.32814   0.18593   0   -0.045548
5   1   0.81407   0.17186   0   -0.045548
5   1   0.18593   0.17186   0   -0.045548
5   1   0.85973   0.87837   0.96155   -0.045548
5   1   0.14027   0.87837   0.96155   -0.045548
5   1   0.62163   0.85973   0.96155   -0.045548
5   1   0.37837   0.85973   0.96155   -0.045548
5   1   0.87837   0.64027   0.96155   -0.045548
5   1   0.12163   0.64027   0.96155   -0.045548
5   1   0.64027   0.62163   0.96155   -0.045548
5   1   0.35973   0.62163   0.96155   -0.045548
5   1   0.64027   0.37837   0.96155   -0.045548
5   1   0.35973   0.37837   0.96155   -0.045548
5   1   0.87837   0.35973   0.96155   -0.045548
5   1   0.12163   0.35973   0.96155   -0.045548
5   1   0.62163   0.14027   0.96155   -0.045548
5   1   0.37837   0.14027   0.96155   -0.045548
5   1   0.85973   0.12163   0.96155   -0.045548
5   1   0.14027   0.12163   0.96155   -0.045548
5   1   0.64027   0.96155   0.87837   -0.045548
5   1   0.35973   0.96155   0.87837   -0.045548
5   1   0.96155   0.85973   0.87837   -0.045548
5   1   0.03845   0.85973   0.87837   -0.045548
5   1   0.53845   0.64027   0.87837   -0.045548
5   1   0.46155   0.64027   0.87837   -0.045548
5   1   0.85973   0.53845   0.87837   -0.045548
5   1   0.14027   0.53845   0.87837   -0.045548
5   1   0.85973   0.46155   0.87837   -0.045548
5   1   0.14027   0.46155   0.87837   -0.045548
5   1   0.53845   0.35973   0.87837   -0.045548
5   1   0.46155   0.35973   0.87837   -0.045548
5   1   0.96155   0.14027   0.87837   -0.045548
5   1   0.03845   0.14027   0.87837   -0.045548
5   1   0.64027   0.03845   0.87837   -0.045548
5   1   0.35973   0.03845   0.87837   -0.045548
5   1   0.87837   0.96155   0.85973   -0.045548
5   1   0.12163   0.96155   0.85973   -0.045548
5   1   0.53845   0.87837   0.85973   -0.045548
5   1   0.46155   0.87837   0.85973   -0.045548
5   1   0.96155   0.62163   0.85973   -0.045548
5   1   0.03845   0.62163   0.85973   -0.045548
5   1   0.62163   0.53845   0.85973   -0.045548
5   1   0.37837   0.53845   0.85973   -0.045548
5   1   0.62163   0.46155   0.85973   -0.045548
5   1   0.37837   0.46155   0.85973   -0.045548
5   1   0.96155   0.37837   0.85973   -0.045548
5   1   0.03845   0.37837   0.85973   -0.045548
5   1   0.53845   0.12163   0.85973   -0.045548
5   1   0.46155   0.12163   0.85973   -0.045548
5   1   0.87837   0.03845   0.85973   -0.045548
5   1   0.12163   0.03845   0.85973   -0.045548
5   1   0.62163   0.96155   0.64027   -0.045548
5   1   0.37837   0.96155   0.64027   -0.045548
5   1   0.96155   0.87837   0.64027   -0.045548
5   1   0.03845   0.87837   0.64027   -0.045548
5   1   0.53845   0.62163   0.64027   -0.045548
5   1   0.46155   0.62163   0.64027   -0.045548
5   1   0.87837   0.53845   0.64027   -0.045548
5   1   0.12163   0.53845   0.64027   -0.045548
5   1   0.87837   0.46155   0.64027   -0.045548
5   1   0.12163   0.46155   0.64027   -0.045548
5   1   0.53845   0.37837   0.64027   -0.045548
5   1   0.46155   0.37837   0.64027   -0.045548
5   1   0.96155   0.12163   0.64027   -0.045548
5   1   0.03845   0.12163   0.64027   -0.045548
5   1   0.62163   0.03845   0.64027   -0.045548
5   1   0.37837   0.03845   0.64027   -0.045548
5   1   0.85973   0.96155   0.62163   -0.045548
5   1   0.14027   0.96155   0.62163   -0.045548
5   1   0.53845   0.85973   0.62163   -0.045548
5   1   0.46155   0.85973   0.62163   -0.045548
5   1   0.96155   0.64027   0.62163   -0.045548
5   1   0.03845   0.64027   0.62163   -0.045548
5   1   0.64027   0.53845   0.62163   -0.045548
5   1   0.35973   0.53845   0.62163   -0.045548
5   1   0.64027   0.46155   0.62163   -0.045548
5   1   0.35973   0.46155   0.62163   -0.045548
5   1   0.96155   0.35973   0.62163   -0.045548
5   1   0.03845   0.35973   0.62163   -0.045548
5   1   0.53845   0.14027   0.62163   -0.045548
5   1   0.46155   0.14027   0.62163   -0.045548
5   1   0.85973   0.03845   0.62163   -0.045548
5   1   0.14027   0.03845   0.62163   -0.045548
5   1   0.64027   0.87837   0.53845   -0.045548
5   1   0.35973   0.87837   0.53845   -0.045548
5   1   0.87837   0.85973   0.53845   -0.045548
5   1   0.12163   0.85973   0.53845   -0.045548
5   1   0.62163   0.64027   0.53845   -0.045548
5   1   0.37837   0.64027   0.53845   -0.045548
5   1   0.85973   0.62163   0.53845   -0.045548
5   1   0.14027   0.62163   0.53845   -0.045548
5   1   0.85973   0.37837   0.53845   -0.045548
5   1   0.14027   0.37837   0.53845   -0.045548
5   1   0.62163   0.35973   0.53845   -0.045548
5   1   0.37837   0.35973   0.53845   -0.045548
5   1   0.87837   0.14027   0.53845   -0.045548
5   1   0.12163   0.14027   0.53845   -0.045548
5   1   0.64027   0.12163   0.53845   -0.045548
5   1   0.35973   0.12163   0.53845   -0.045548
5   1   0.64027   0.87837   0.46155   -0.045548
5   1   0.35973   0.87837   0.46155   -0.045548
5   1   0.87837   0.85973   0.46155   -0.045548
5   1   0.12163   0.85973   0.46155   -0.045548
5   1   0.62163   0.64027   0.46155   -0.045548
5   1   0.37837   0.64027   0.46155   -0.045548
5   1   0.85973   0.62163   0.46155   -0.045548
5   1   0.14027   0.62163   0.46155   -0.045548
5   1   0.85973   0.37837   0.46155   -0.045548
5   1   0.14027   0.37837   0.46155   -0.045548
5   1   0.62163   0.35973   0.46155   -0.045548
5   1   0.37837   0.35973   0.46155   -0.045548
5   1   0.87837   0.14027   0.46155   -0.045548
5   1   0.12163   0.14027   0.46155   -0.045548
5   1   0.64027   0.12163   0.46155   -0.045548
5   1   0.35973   0.12163   0.46155   -0.045548
5   1   0.85973   0.96155   0.37837   -0.045548
5   1   0.14027   0.96155   0.37837   -0.045548
5   1   0.53845   0.85973   0.37837   -0.045548
5   1   0.46155   0.85973   0.37837   -0.045548
5   1   0.96155   0.64027   0.37837   -0.045548
5   1   0.03845   0.64027   0.37837   -0.045548
5   1   0.64027   0.53845   0.37837   -0.045548
5   1   0.35973   0.53845   0.37837   -0.045548
5   1   0.64027   0.46155   0.37837   -0.045548
5   1   0.35973   0.46155   0.37837   -0.045548
5   1   0.96155   0.35973   0.37837   -0.045548
5   1   0.03845   0.35973   0.37837   -0.045548
5   1   0.53845   0.14027   0.37837   -0.045548
5   1   0.46155   0.14027   0.37837   -0.045548
5   1   0.85973   0.03845   0.37837   -0.045548
5   1   0.14027   0.03845   0.37837   -0.045548
5   1   0.62163   0.96155   0.35973   -0.045548
5   1   0.37837   0.96155   0.35973   -0.045548
5   1   0.96155   0.87837   0.35973   -0.045548
5   1   0.03845   0.87837   0.35973   -0.045548
5   1   0.53845   0.62163   0.35973   -0.045548
5   1   0.46155   0.62163   0.35973   -0.045548
5   1   0.87837   0.53845   0.35973   -0.045548
5   1   0.12163   0.53845   0.35973   -0.045548
5   1   0.87837   0.46155   0.35973   -0.045548
5   1   0.12163   0.46155   0.35973   -0.045548
5   1   0.53845   0.37837   0.35973   -0.045548
5   1   0.46155   0.37837   0.35973   -0.045548
5   1   0.96155   0.12163   0.35973   -0.045548
5   1   0.03845   0.12163   0.35973   -0.045548
5   1   0.62163   0.03845   0.35973   -0.045548
5   1   0.37837   0.03845   0.35973   -0.045548
5   1   0.87837   0.96155   0.14027   -0.045548
5   1   0.12163   0.96155   0.14027   -0.045548
5   1   0.53845   0.87837   0.14027   -0.045548
5   1   0.46155   0.87837   0.14027   -0.045548
5   1   0.96155   0.62163   0.14027   -0.045548
5   1   0.03845   0.62163   0.14027   -0.045548
5   1   0.62163   0.53845   0.14027   -0.045548
5   1   0.37837   0.53845   0.14027   -0.045548
5   1   0.62163   0.46155   0.14027   -0.045548
5   1   0.37837   0.46155   0.14027   -0.045548
5   1   0.96155   0.37837   0.14027   -0.045548
5   1   0.03845   0.37837   0.14027   -0.045548
5   1   0.53845   0.12163   0.14027   -0.045548
5   1   0.46155   0.12163   0.14027   -0.045548
5   1   0.87837   0.03845   0.14027   -0.045548
5   1   0.12163   0.03845   0.14027   -0.045548
5   1   0.64027   0.96155   0.12163   -0.045548
5   1   0.35973   0.96155   0.12163   -0.045548
5   1   0.96155   0.85973   0.12163   -0.045548
5   1   0.03845   0.85973   0.12163   -0.045548
5   1   0.53845   0.64027   0.12163   -0.045548
5   1   0.46155   0.64027   0.12163   -0.045548
5   1   0.85973   0.53845   0.12163   -0.045548
5   1   0.14027   0.53845   0.12163   -0.045548
5   1   0.85973   0.46155   0.12163   -0.045548
5   1   0.14027   0.46155   0.12163   -0.045548
5   1   0.53845   0.35973   0.12163   -0.045548
5   1   0.46155   0.35973   0.12163   -0.045548
5   1   0.96155   0.14027   0.12163   -0.045548
5   1   0.03845   0.14027   0.12163   -0.045548
5   1   0.64027   0.03845   0.12163   -0.045548
5   1   0.35973   0.03845   0.12163   -0.045548
5   1   0.85973   0.87837   0.03845   -0.045548
5   1   0.14027   0.87837   0.03845   -0.045548
5   1   0.62163   0.85973   0.03845   -0.045548
5   1   0.37837   0.85973   0.03845   -0.045548
5   1   0.87837   0.64027   0.03845   -0.045548
5   1   0.12163   0.64027   0.03845   -0.045548
5   1   0.64027   0.62163   0.03845   -0.045548
5   1   0.35973   0.62163   0.03845   -0.045548
5   1   0.64027   0.37837   0.03845   -0.045548
5   1   0.35973   0.37837   0.03845   -0.045548
5   1   0.87837   0.35973   0.03845   -0.045548
5   1   0.12163   0.35973   0.03845   -0.045548
5   1   0.62163   0.14027   0.03845   -0.045548
5   1   0.37837   0.14027   0.03845   -0.045548
5   1   0.85973   0.12163   0.03845   -0.045548
5   1   0.14027   0.12163   0.03845   -0.045548
5   1   0.72939   0.91829   0.96079   -0.045548
5   1   0.27061   0.91829   0.96079   -0.045548
5   1   0.91829   0.77061   0.96079   -0.045548
5   1   0.08171   0.77061   0.96079   -0.045548
5   1   0.58171   0.72939   0.96079   -0.045548
5   1   0.41829   0.72939   0.96079   -0.045548
5   1   0.77061   0.58171   0.96079   -0.045548
5   1   0.22939   0.58171   0.96079   -0.045548
5   1   0.77061   0.41829   0.96079   -0.045548
5   1   0.22939   0.41829   0.96079   -0.045548
5   1   0.58171   0.27061   0.96079   -0.045548
5   1   0.41829   0.27061   0.96079   -0.045548
5   1   0.91829   0.22939   0.96079   -0.045548
5   1   0.08171   0.22939   0.96079   -0.045548
5   1   0.72939   0.08171   0.96079   -0.045548
5   1   0.27061   0.08171   0.96079   -0.045548
5   1   0.77061   0.96079   0.91829   -0.045548
5   1   0.22939   0.96079   0.91829   -0.045548
5   1   0.53921   0.77061   0.91829   -0.045548
5   1   0.46079   0.77061   0.91829   -0.045548
5   1   0.96079   0.72939   0.91829   -0.045548
5   1   0.03921   0.72939   0.91829   -0.045548
5   1   0.72939   0.53921   0.91829   -0.045548
5   1   0.27061   0.53921   0.91829   -0.045548
5   1   0.72939   0.46079   0.91829   -0.045548
5   1   0.27061   0.46079   0.91829   -0.045548
5   1   0.96079   0.27061   0.91829   -0.045548
5   1   0.03921   0.27061   0.91829   -0.045548
5   1   0.53921   0.22939   0.91829   -0.045548
5   1   0.46079   0.22939   0.91829   -0.045548
5   1   0.77061   0.03921   0.91829   -0.045548
5   1   0.22939   0.03921   0.91829   -0.045548
5   1   0.58171   0.96079   0.77061   -0.045548
5   1   0.41829   0.96079   0.77061   -0.045548
5   1   0.96079   0.91829   0.77061   -0.045548
5   1   0.03921   0.91829   0.77061   -0.045548
5   1   0.53921   0.58171   0.77061   -0.045548
5   1   0.46079   0.58171   0.77061   -0.045548
5   1   0.91829   0.53921   0.77061   -0.045548
5   1   0.08171   0.53921   0.77061   -0.045548
5   1   0.91829   0.46079   0.77061   -0.045548
5   1   0.08171   0.46079   0.77061   -0.045548
5   1   0.53921   0.41829   0.77061   -0.045548
5   1   0.46079   0.41829   0.77061   -0.045548
5   1   0.96079   0.08171   0.77061   -0.045548
5   1   0.03921   0.08171   0.77061   -0.045548
5   1   0.58171   0.03921   0.77061   -0.045548
5   1   0.41829   0.03921   0.77061   -0.045548
5   1   0.91829   0.96079   0.72939   -0.045548
5   1   0.08171   0.96079   0.72939   -0.045548
5   1   0.53921   0.91829   0.72939   -0.045548
5   1   0.46079   0.91829   0.72939   -0.045548
5   1   0.96079   0.58171   0.72939   -0.045548
5   1   0.03921   0.58171   0.72939   -0.045548
5   1   0.58171   0.53921   0.72939   -0.045548
5   1   0.41829   0.53921   0.72939   -0.045548
5   1   0.58171   0.46079   0.72939   -0.045548
5   1   0.41829   0.46079   0.72939   -0.045548
5   1   0.96079   0.41829   0.72939   -0.045548
5   1   0.03921   0.41829   0.72939   -0.045548
5   1   0.53921   0.08171   0.72939   -0.045548
5   1   0.46079   0.08171   0.72939   -0.045548
5   1   0.91829   0.03921   0.72939   -0.045548
5   1   0.08171   0.03921   0.72939   -0.045548
5   1   0.72939   0.96079   0.58171   -0.045548
5   1   0.27061   0.96079   0.58171   -0.045548
5   1   0.96079   0.77061   0.58171   -0.045548
5   1   0.03921   0.77061   0.58171   -0.045548
5   1   0.53921   0.72939   0.58171   -0.045548
5   1   0.46079   0.72939   0.58171   -0.045548
5   1   0.77061   0.53921   0.58171   -0.045548
5   1   0.22939   0.53921   0.58171   -0.045548
5   1   0.77061   0.46079   0.58171   -0.045548
5   1   0.22939   0.46079   0.58171   -0.045548
5   1   0.53921   0.27061   0.58171   -0.045548
5   1   0.46079   0.27061   0.58171   -0.045548
5   1   0.96079   0.22939   0.58171   -0.045548
5   1   0.03921   0.22939   0.58171   -0.045548
5   1   0.72939   0.03921   0.58171   -0.045548
5   1   0.27061   0.03921   0.58171   -0.045548
5   1   0.77061   0.91829   0.53921   -0.045548
5   1   0.22939   0.91829   0.53921   -0.045548
5   1   0.58171   0.77061   0.53921   -0.045548
5   1   0.41829   0.77061   0.53921   -0.045548
5   1   0.91829   0.72939   0.53921   -0.045548
5   1   0.08171   0.72939   0.53921   -0.045548
5   1   0.72939   0.58171   0.53921   -0.045548
5   1   0.27061   0.58171   0.53921   -0.045548
5   1   0.72939   0.41829   0.53921   -0.045548
5   1   0.27061   0.41829   0.53921   -0.045548
5   1   0.91829   0.27061   0.53921   -0.045548
5   1   0.08171   0.27061   0.53921   -0.045548
5   1   0.58171   0.22939   0.53921   -0.045548
5   1   0.41829   0.22939   0.53921   -0.045548
5   1   0.77061   0.08171   0.53921   -0.045548
5   1   0.22939   0.08171   0.53921   -0.045548
5   1   0.77061   0.91829   0.46079   -0.045548
5   1   0.22939   0.91829   0.46079   -0.045548
5   1   0.58171   0.77061   0.46079   -0.045548
5   1   0.41829   0.77061   0.46079   -0.045548
5   1   0.91829   0.72939   0.46079   -0.045548
5   1   0.08171   0.72939   0.46079   -0.045548
5   1   0.72939   0.58171   0.46079   -0.045548
5   1   0.27061   0.58171   0.46079   -0.045548
5   1   0.72939   0.41829   0.46079   -0.045548
5   1   0.27061   0.41829   0.46079   -0.045548
5   1   0.91829   0.27061   0.46079   -0.045548
5   1   0.08171   0.27061   0.46079   -0.045548
5   1   0.58171   0.22939   0.46079   -0.045548
5   1   0.41829   0.22939   0.46079   -0.045548
5   1   0.77061   0.08171   0.46079   -0.045548
5   1   0.22939   0.08171   0.46079   -0.045548
5   1   0.72939   0.96079   0.41829   -0.045548
5   1   0.27061   0.96079   0.41829   -0.045548
5   1   0.96079   0.77061   0.41829   -0.045548
5   1   0.03921   0.77061   0.41829   -0.045548
5   1   0.53921   0.72939   0.41829   -0.045548
5   1   0.46079   0.72939   0.41829   -0.045548
5   1   0.77061   0.53921   0.41829   -0.045548
5   1   0.22939   0.53921   0.41829   -0.045548
5   1   0.77061   0.46079   0.41829   -0.045548
5   1   0.22939   0.46079   0.41829   -0.045548
5   1   0.53921   0.27061   0.41829   -0.045548
5   1   0.46079   0.27061   0.41829   -0.045548
5   1   0.96079   0.22939   0.41829   -0.045548
5   1   0.03921   0.22939   0.41829   -0.045548
5   1   0.72939   0.03921   0.41829   -0.045548
5   1   0.27061   0.03921   0.41829   -0.045548
5   1   0.91829   0.96079   0.27061   -0.045548
5   1   0.08171   0.96079   0.27061   -0.045548
5   1   0.53921   0.91829   0.27061   -0.045548
5   1   0.46079   0.91829   0.27061   -0.045548
5   1   0.96079   0.58171   0.27061   -0.045548
5   1   0.03921   0.58171   0.27061   -0.045548
5   1   0.58171   0.53921   0.27061   -0.045548
5   1   0.41829   0.53921   0.27061   -0.045548
5   1   0.58171   0.46079   0.27061   -0.045548
5   1   0.41829   0.46079   0.27061   -0.045548
5   1   0.96079   0.41829   0.27061   -0.045548
5   1   0.03921   0.41829   0.27061   -0.045548
5   1   0.53921   0.08171   0.27061   -0.045548
5   1   0.46079   0.08171   0.27061   -0.045548
5   1   0.91829   0.03921   0.27061   -0.045548
5   1   0.08171   0.03921   0.27061   -0.045548
5   1   0.58171   0.96079   0.22939   -0.045548
5   1   0.41829   0.96079   0.22939   -0.045548
5   1   0.96079   0.91829   0.22939   -0.045548
5   1   0.03921   0.91829   0.22939   -0.045548
5   1   0.53921   0.58171   0.22939   -0.045548
5   1   0.46079   0.58171   0.22939   -0.045548
5   1   0.91829   0.53921   0.22939   -0.045548
5   1   0.08171   0.53921   0.22939   -0.045548
5   1   0.91829   0.46079   0.22939   -0.045548
5   1   0.08171   0.46079   0.22939   -0.045548
5   1   0.53921   0.41829   0.22939   -0.045548
5   1   0.46079   0.41829   0.22939   -0.045548
5   1   0.96079   0.08171   0.22939   -0.045548
5   1   0.03921   0.08171   0.22939   -0.045548
5   1   0.58171   0.03921   0.22939   -0.045548
5   1   0.41829   0.03921   0.22939   -0.045548
5   1   0.77061   0.96079   0.08171   -0.045548
5   1   0.22939   0.96079   0.08171   -0.045548
5   1   0.53921   0.77061   0.08171   -0.045548
5   1   0.46079   0.77061   0.08171   -0.045548
5   1   0.96079   0.72939   0.08171   -0.045548
5   1   0.03921   0.72939   0.08171   -0.045548
5   1   0.72939   0.53921   0.08171   -0.045548
5   1   0.27061   0.53921   0.08171   -0.045548
5   1   0.72939   0.46079   0.08171   -0.045548
5   1   0.27061   0.46079   0.08171   -0.045548
5   1   0.96079   0.27061   0.08171   -0.045548
5   1   0.03921   0.27061   0.08171   -0.045548
5   1   0.53921   0.22939   0.08171   -0.045548
5   1   0.46079   0.22939   0.08171   -0.045548
5   1   0.77061   0.03921   0.08171   -0.045548
5   1   0.22939   0.03921   0.08171   -0.045548
5   1   0.72939   0.91829   0.03921   -0.045548
5   1   0.27061   0.91829   0.03921   -0.045548
5   1   0.91829   0.77061   0.03921   -0.045548
5   1   0.08171   0.77061   0.03921   -0.045548
5   1   0.58171   0.72939   0.03921   -0.045548
5   1   0.41829   0.72939   0.03921   -0.045548
5   1   0.77061   0.58171   0.03921   -0.045548
5   1   0.22939   0.58171   0.03921   -0.045548
5   1   0.77061   0.41829   0.03921   -0.045548
5   1   0.22939   0.41829   0.03921   -0.045548
5   1   0.58171   0.27061   0.03921   -0.045548
5   1   0.41829   0.27061   0.03921   -0.045548
5   1   0.91829   0.22939   0.03921   -0.045548
5   1   0.08171   0.22939   0.03921   -0.045548
5   1   0.72939   0.08171   0.03921   -0.045548
5   1   0.27061   0.08171   0.03921   -0.045548
5   1   0.6586   0.92252   0.93694   -0.045548
5   1   0.3414   0.92252   0.93694   -0.045548
5   1   0.92252   0.8414   0.93694   -0.045548
5   1   0.07748   0.8414   0.93694   -0.045548
5   1   0.57748   0.6586   0.93694   -0.045548
5   1   0.42252   0.6586   0.93694   -0.045548
5   1   0.8414   0.57748   0.93694   -0.045548
5   1   0.1586   0.57748   0.93694   -0.045548
5   1   0.8414   0.42252   0.93694   -0.045548
5   1   0.1586   0.42252   0.93694   -0.045548
5   1   0.57748   0.3414   0.93694   -0.045548
5   1   0.42252   0.3414   0.93694   -0.045548
5   1   0.92252   0.1586   0.93694   -0.045548
5   1   0.07748   0.1586   0.93694   -0.045548
5   1   0.6586   0.07748   0.93694   -0.045548
5   1   0.3414   0.07748   0.93694   -0.045548
5   1   0.8414   0.93694   0.92252   -0.045548
5   1   0.1586   0.93694   0.92252   -0.045548
5   1   0.56306   0.8414   0.92252   -0.045548
5   1   0.43694   0.8414   0.92252   -0.045548
5   1   0.93694   0.6586   0.92252   -0.045548
5   1   0.06306   0.6586   0.92252   -0.045548
5   1   0.6586   0.56306   0.92252   -0.045548
5   1   0.3414   0.56306   0.92252   -0.045548
5   1   0.6586   0.43694   0.92252   -0.045548
5   1   0.3414   0.43694   0.92252   -0.045548
5   1   0.93694   0.3414   0.92252   -0.045548
5   1   0.06306   0.3414   0.92252   -0.045548
5   1   0.56306   0.1586   0.92252   -0.045548
5   1   0.43694   0.1586   0.92252   -0.045548
5   1   0.8414   0.06306   0.92252   -0.045548
5   1   0.1586   0.06306   0.92252   -0.045548
5   1   0.57748   0.93694   0.8414   -0.045548
5   1   0.42252   0.93694   0.8414   -0.045548
5   1   0.93694   0.92252   0.8414   -0.045548
5   1   0.06306   0.92252   0.8414   -0.045548
5   1   0.56306   0.57748   0.8414   -0.045548
5   1   0.43694   0.57748   0.8414   -0.045548
5   1   0.92252   0.56306   0.8414   -0.045548
5   1   0.07748   0.56306   0.8414   -0.045548
5   1   0.92252   0.43694   0.8414   -0.045548
5   1   0.07748   0.43694   0.8414   -0.045548
5   1   0.56306   0.42252   0.8414   -0.045548
5   1   0.43694   0.42252   0.8414   -0.045548
5   1   0.93694   0.07748   0.8414   -0.045548
5   1   0.06306   0.07748   0.8414   -0.045548
5   1   0.57748   0.06306   0.8414   -0.045548
5   1   0.42252   0.06306   0.8414   -0.045548
5   1   0.92252   0.93694   0.6586   -0.045548
5   1   0.07748   0.93694   0.6586   -0.045548
5   1   0.56306   0.92252   0.6586   -0.045548
5   1   0.43694   0.92252   0.6586   -0.045548
5   1   0.93694   0.57748   0.6586   -0.045548
5   1   0.06306   0.57748   0.6586   -0.045548
5   1   0.57748   0.56306   0.6586   -0.045548
5   1   0.42252   0.56306   0.6586   -0.045548
5   1   0.57748   0.43694   0.6586   -0.045548
5   1   0.42252   0.43694   0.6586   -0.045548
5   1   0.93694   0.42252   0.6586   -0.045548
5   1   0.06306   0.42252   0.6586   -0.045548
5   1   0.56306   0.07748   0.6586   -0.045548
5   1   0.43694   0.07748   0.6586   -0.045548
5   1   0.92252   0.06306   0.6586   -0.045548
5   1   0.07748   0.06306   0.6586   -0.045548
5   1   0.6586   0.93694   0.57748   -0.045548
5   1   0.3414   0.93694   0.57748   -0.045548
5   1   0.93694   0.8414   0.57748   -0.045548
5   1   0.06306   0.8414   0.57748   -0.045548
5   1   0.56306   0.6586   0.57748   -0.045548
5   1   0.43694   0.6586   0.57748   -0.045548
5   1   0.8414   0.56306   0.57748   -0.045548
5   1   0.1586   0.56306   0.57748   -0.045548
5   1   0.8414   0.43694   0.57748   -0.045548
5   1   0.1586   0.43694   0.57748   -0.045548
5   1   0.56306   0.3414   0.57748   -0.045548
5   1   0.43694   0.3414   0.57748   -0.045548
5   1   0.93694   0.1586   0.57748   -0.045548
5   1   0.06306   0.1586   0.57748   -0.045548
5   1   0.6586   0.06306   0.57748   -0.045548
5   1   0.3414   0.06306   0.57748   -0.045548
5   1   0.8414   0.92252   0.56306   -0.045548
5   1   0.1586   0.92252   0.56306   -0.045548
5   1   0.57748   0.8414   0.56306   -0.045548
5   1   0.42252   0.8414   0.56306   -0.045548
5   1   0.92252   0.6586   0.56306   -0.045548
5   1   0.07748   0.6586   0.56306   -0.045548
5   1   0.6586   0.57748   0.56306   -0.045548
5   1   0.3414   0.57748   0.56306   -0.045548
5   1   0.6586   0.42252   0.56306   -0.045548
5   1   0.3414   0.42252   0.56306   -0.045548
5   1   0.92252   0.3414   0.56306   -0.045548
5   1   0.07748   0.3414   0.56306   -0.045548
5   1   0.57748   0.1586   0.56306   -0.045548
5   1   0.42252   0.1586   0.56306   -0.045548
5   1   0.8414   0.07748   0.56306   -0.045548
5   1   0.1586   0.07748   0.56306   -0.045548
5   1   0.8414   0.92252   0.43694   -0.045548
5   1   0.1586   0.92252   0.43694   -0.045548
5   1   0.57748   0.8414   0.43694   -0.045548
5   1   0.42252   0.8414   0.43694   -0.045548
5   1   0.92252   0.6586   0.43694   -0.045548
5   1   0.07748   0.6586   0.43694   -0.045548
5   1   0.6586   0.57748   0.43694   -0.045548
5   1   0.3414   0.57748   0.43694   -0.045548
5   1   0.6586   0.42252   0.43694   -0.045548
5   1   0.3414   0.42252   0.43694   -0.045548
5   1   0.92252   0.3414   0.43694   -0.045548
5   1   0.07748   0.3414   0.43694   -0.045548
5   1   0.57748   0.1586   0.43694   -0.045548
5   1   0.42252   0.1586   0.43694   -0.045548
5   1   0.8414   0.07748   0.43694   -0.045548
5   1   0.1586   0.07748   0.43694   -0.045548
5   1   0.6586   0.93694   0.42252   -0.045548
5   1   0.3414   0.93694   0.42252   -0.045548
5   1   0.93694   0.8414   0.42252   -0.045548
5   1   0.06306   0.8414   0.42252   -0.045548
5   1   0.56306   0.6586   0.42252   -0.045548
5   1   0.43694   0.6586   0.42252   -0.045548
5   1   0.8414   0.56306   0.42252   -0.045548
5   1   0.1586   0.56306   0.42252   -0.045548
5   1   0.8414   0.43694   0.42252   -0.045548
5   1   0.1586   0.43694   0.42252   -0.045548
5   1   0.56306   0.3414   0.42252   -0.045548
5   1   0.43694   0.3414   0.42252   -0.045548
5   1   0.93694   0.1586   0.42252   -0.045548
5   1   0.06306   0.1586   0.42252   -0.045548
5   1   0.6586   0.06306   0.42252   -0.045548
5   1   0.3414   0.06306   0.42252   -0.045548
5   1   0.92252   0.93694   0.3414   -0.045548
5   1   0.07748   0.93694   0.3414   -0.045548
5   1   0.56306   0.92252   0.3414   -0.045548
5   1   0.43694   0.92252   0.3414   -0.045548
5   1   0.93694   0.57748   0.3414   -0.045548
5   1   0.06306   0.57748   0.3414   -0.045548
5   1   0.57748   0.56306   0.3414   -0.045548
5   1   0.42252   0.56306   0.3414   -0.045548
5   1   0.57748   0.43694   0.3414   -0.045548
5   1   0.42252   0.43694   0.3414   -0.045548
5   1   0.93694   0.42252   0.3414   -0.045548
5   1   0.06306   0.42252   0.3414   -0.045548
5   1   0.56306   0.07748   0.3414   -0.045548
5   1   0.43694   0.07748   0.3414   -0.045548
5   1   0.92252   0.06306   0.3414   -0.045548
5   1   0.07748   0.06306   0.3414   -0.045548
5   1   0.57748   0.93694   0.1586   -0.045548
5   1   0.42252   0.93694   0.1586   -0.045548
5   1   0.93694   0.92252   0.1586   -0.045548
5   1   0.06306   0.92252   0.1586   -0.045548
5   1   0.56306   0.57748   0.1586   -0.045548
5   1   0.43694   0.57748   0.1586   -0.045548
5   1   0.92252   0.56306   0.1586   -0.045548
5   1   0.07748   0.56306   0.1586   -0.045548
5   1   0.92252   0.43694   0.1586   -0.045548
5   1   0.07748   0.43694   0.1586   -0.045548
5   1   0.56306   0.42252   0.1586   -0.045548
5   1   0.43694   0.42252   0.1586   -0.045548
5   1   0.93694   0.07748   0.1586   -0.045548
5   1   0.06306   0.07748   0.1586   -0.045548
5   1   0.57748   0.06306   0.1586   -0.045548
5   1   0.42252   0.06306   0.1586   -0.045548
5   1   0.8414   0.93694   0.07748   -0.045548
5   1   0.1586   0.93694   0.07748   -0.045548
5   1   0.56306   0.8414   0.07748   -0.045548
5   1   0.43694   0.8414   0.07748   -0.045548
5   1   0.93694   0.6586   0.07748   -0.045548
5   1   0.06306   0.6586   0.07748   -0.045548
5   1   0.6586   0.56306   0.07748   -0.045548
5   1   0.3414   0.56306   0.07748   -0.045548
5   1   0.6586   0.43694   0.07748   -0.045548
5   1   0.3414   0.43694   0.07748   -0.045548
5   1   0.93694   0.3414   0.07748   -0.045548
5   1   0.06306   0.3414   0.07748   -0.045548
5   1   0.56306   0.1586   0.07748   -0.045548
5   1   0.43694   0.1586   0.07748   -0.045548
5   1   0.8414   0.06306   0.07748   -0.045548
5   1   0.1586   0.06306   0.07748   -0.045548
5   1   0.6586   0.92252   0.06306   -0.045548
5   1   0.3414   0.92252   0.06306   -0.045548
5   1   0.92252   0.8414   0.06306   -0.045548
5   1   0.07748   0.8414   0.06306   -0.045548
5   1   0.57748   0.6586   0.06306   -0.045548
5   1   0.42252   0.6586   0.06306   -0.045548
5   1   0.8414   0.57748   0.06306   -0.045548
5   1   0.1586   0.57748   0.06306   -0.045548
5   1   0.8414   0.42252   0.06306   -0.045548
5   1   0.1586   0.42252   0.06306   -0.045548
5   1   0.57748   0.3414   0.06306   -0.045548
5   1   0.42252   0.3414   0.06306   -0.045548
5   1   0.92252   0.1586   0.06306   -0.045548
5   1   0.07748   0.1586   0.06306   -0.045548
5   1   0.6586   0.07748   0.06306   -0.045548
5   1   0.3414   0.07748   0.06306   -0.045548
5   1   0.69491   0.85405   0.93635   -0.045548
5   1   0.30509   0.85405   0.93635   -0.045548
5   1   0.85405   0.80509   0.93635   -0.045548
5   1   0.14595   0.80509   0.93635   -0.045548
5   1   0.64595   0.69491   0.93635   -0.045548
5   1   0.35405   0.69491   0.93635   -0.045548
5   1   0.80509   0.64595   0.93635   -0.045548
5   1   0.19491   0.64595   0.93635   -0.045548
5   1   0.80509   0.35405   0.93635   -0.045548
5   1   0.19491   0.35405   0.93635   -0.045548
5   1   0.64595   0.30509   0.93635   -0.045548
5   1   0.35405   0.30509   0.93635   -0.045548
5   1   0.85405   0.19491   0.93635   -0.045548
5   1   0.14595   0.19491   0.93635   -0.045548
5   1   0.69491   0.14595   0.93635   -0.045548
5   1   0.30509   0.14595   0.93635   -0.045548
5   1   0.80509   0.93635   0.85405   -0.045548
5   1   0.19491   0.93635   0.85405   -0.045548
5   1   0.56365   0.80509   0.85405   -0.045548
5   1   0.43635   0.80509   0.85405   -0.045548
5   1   0.93635   0.69491   0.85405   -0.045548
5   1   0.06365   0.69491   0.85405   -0.045548
5   1   0.69491   0.56365   0.85405   -0.045548
5   1   0.30509   0.56365   0.85405   -0.045548
5   1   0.69491   0.43635   0.85405   -0.045548
5   1   0.30509   0.43635   0.85405   -0.045548
5   1   0.93635   0.30509   0.85405   -0.045548
5   1   0.06365   0.30509   0.85405   -0.045548
5   1   0.56365   0.19491   0.85405   -0.045548
5   1   0.43635   0.19491   0.85405   -0.045548
5   1   0.80509   0.06365   0.85405   -0.045548
5   1   0.19491   0.06365   0.85405   -0.045548
5   1   0.64595   0.93635   0.80509   -0.045548
5   1   0.35405   0.93635   0.80509   -0.045548
5   1   0.93635   0.85405   0.80509   -0.045548
5   1   0.06365   0.85405   0.80509   -0.045548
5   1   0.56365   0.64595   0.80509   -0.045548
5   1   0.43635   0.64595   0.80509   -0.045548
5   1   0.85405   0.56365   0.80509   -0.045548
5   1   0.14595   0.56365   0.80509   -0.045548
5   1   0.85405   0.43635   0.80509   -0.045548
5   1   0.14595   0.43635   0.80509   -0.045548
5   1   0.56365   0.35405   0.80509   -0.045548
5   1   0.43635   0.35405   0.80509   -0.045548
5   1   0.93635   0.14595   0.80509   -0.045548
5   1   0.06365   0.14595   0.80509   -0.045548
5   1   0.64595   0.06365   0.80509   -0.045548
5   1   0.35405   0.06365   0.80509   -0.045548
5   1   0.85405   0.93635   0.69491   -0.045548
5   1   0.14595   0.93635   0.69491   -0.045548
5   1   0.56365   0.85405   0.69491   -0.045548
5   1   0.43635   0.85405   0.69491   -0.045548
5   1   0.93635   0.64595   0.69491   -0.045548
5   1   0.06365   0.64595   0.69491   -0.045548
5   1   0.64595   0.56365   0.69491   -0.045548
5   1   0.35405   0.56365   0.69491   -0.045548
5   1   0.64595   0.43635   0.69491   -0.045548
5   1   0.35405   0.43635   0.69491   -0.045548
5   1   0.93635   0.35405   0.69491   -0.045548
5   1   0.06365   0.35405   0.69491   -0.045548
5   1   0.56365   0.14595   0.69491   -0.045548
5   1   0.43635   0.14595   0.69491   -0.045548
5   1   0.85405   0.06365   0.69491   -0.045548
5   1   0.14595   0.06365   0.69491   -0.045548
5   1   0.69491   0.93635   0.64595   -0.045548
5   1   0.30509   0.93635   0.64595   -0.045548
5   1   0.93635   0.80509   0.64595   -0.045548
5   1   0.06365   0.80509   0.64595   -0.045548
5   1   0.56365   0.69491   0.64595   -0.045548
5   1   0.43635   0.69491   0.64595   -0.045548
5   1   0.80509   0.56365   0.64595   -0.045548
5   1   0.19491   0.56365   0.64595   -0.045548
5   1   0.80509   0.43635   0.64595   -0.045548
5   1   0.19491   0.43635   0.64595   -0.045548
5   1   0.56365   0.30509   0.64595   -0.045548
5   1   0.43635   0.30509   0.64595   -0.045548
5   1   0.93635   0.19491   0.64595   -0.045548
5   1   0.06365   0.19491   0.64595   -0.045548
5   1   0.69491   0.06365   0.64595   -0.045548
5   1   0.30509   0.06365   0.64595   -0.045548
5   1   0.80509   0.85405   0.56365   -0.045548
5   1   0.19491   0.85405   0.56365   -0.045548
5   1   0.64595   0.80509   0.56365   -0.045548
5   1   0.35405   0.80509   0.56365   -0.045548
5   1   0.85405   0.69491   0.56365   -0.045548
5   1   0.14595   0.69491   0.56365   -0.045548
5   1   0.69491   0.64595   0.56365   -0.045548
5   1   0.30509   0.64595   0.56365   -0.045548
5   1   0.69491   0.35405   0.56365   -0.045548
5   1   0.30509   0.35405   0.56365   -0.045548
5   1   0.85405   0.30509   0.56365   -0.045548
5   1   0.14595   0.30509   0.56365   -0.045548
5   1   0.64595   0.19491   0.56365   -0.045548
5   1   0.35405   0.19491   0.56365   -0.045548
5   1   0.80509   0.14595   0.56365   -0.045548
5   1   0.19491   0.14595   0.56365   -0.045548
5   1   0.80509   0.85405   0.43635   -0.045548
5   1   0.19491   0.85405   0.43635   -0.045548
5   1   0.64595   0.80509   0.43635   -0.045548
5   1   0.35405   0.80509   0.43635   -0.045548
5   1   0.85405   0.69491   0.43635   -0.045548
5   1   0.14595   0.69491   0.43635   -0.045548
5   1   0.69491   0.64595   0.43635   -0.045548
5   1   0.30509   0.64595   0.43635   -0.045548
5   1   0.69491   0.35405   0.43635   -0.045548
5   1   0.30509   0.35405   0.43635   -0.045548
5   1   0.85405   0.30509   0.43635   -0.045548
5   1   0.14595   0.30509   0.43635   -0.045548
5   1   0.64595   0.19491   0.43635   -0.045548
5   1   0.35405   0.19491   0.43635   -0.045548
5   1   0.80509   0.14595   0.43635   -0.045548
5   1   0.19491   0.14595   0.43635   -0.045548
5   1   0.69491   0.93635   0.35405   -0.045548
5   1   0.30509   0.93635   0.35405   -0.045548
5   1   0.93635   0.80509   0.35405   -0.045548
5   1   0.06365   0.80509   0.35405   -0.045548
5   1   0.56365   0.69491   0.35405   -0.045548
5   1   0.43635   0.69491   0.35405   -0.045548
5   1   0.80509   0.56365   0.35405   -0.045548
5   1   0.19491   0.56365   0.35405   -0.045548
5   1   0.80509   0.43635   0.35405   -0.045548
5   1   0.19491   0.43635   0.35405   -0.045548
5   1   0.56365   0.30509   0.35405   -0.045548
5   1   0.43635   0.30509   0.35405   -0.045548
5   1   0.93635   0.19491   0.35405   -0.045548
5   1   0.06365   0.19491   0.35405   -0.045548
5   1   0.69491   0.06365   0.35405   -0.045548
5   1   0.30509   0.06365   0.35405   -0.045548
5   1   0.85405   0.93635   0.30509   -0.045548
5   1   0.14595   0.93635   0.30509   -0.045548
5   1   0.56365   0.85405   0.30509   -0.045548
5   1   0.43635   0.85405   0.30509   -0.045548
5   1   0.93635   0.64595   0.30509   -0.045548
5   1   0.06365   0.64595   0.30509   -0.045548
5   1   0.64595   0.56365   0.30509   -0.045548
5   1   0.35405   0.56365   0.30509   -0.045548
5   1   0.64595   0.43635   0.30509   -0.045548
5   1   0.35405   0.43635   0.30509   -0.045548
5   1   0.93635   0.35405   0.30509   -0.045548
5   1   0.06365   0.35405   0.30509   -0.045548
5   1   0.56365   0.14595   0.30509   -0.045548
5   1   0.43635   0.14595   0.30509   -0.045548
5   1   0.85405   0.06365   0.30509   -0.045548
5   1   0.14595   0.06365   0.30509   -0.045548
5   1   0.64595   0.93635   0.19491   -0.045548
5   1   0.35405   0.93635   0.19491   -0.045548
5   1   0.93635   0.85405   0.19491   -0.045548
5   1   0.06365   0.85405   0.19491   -0.045548
5   1   0.56365   0.64595   0.19491   -0.045548
5   1   0.43635   0.64595   0.19491   -0.045548
5   1   0.85405   0.56365   0.19491   -0.045548
5   1   0.14595   0.56365   0.19491   -0.045548
5   1   0.85405   0.43635   0.19491   -0.045548
5   1   0.14595   0.43635   0.19491   -0.045548
5   1   0.56365   0.35405   0.19491   -0.045548
5   1   0.43635   0.35405   0.19491   -0.045548
5   1   0.93635   0.14595   0.19491   -0.045548
5   1   0.06365   0.14595   0.19491   -0.045548
5   1   0.64595   0.06365   0.19491   -0.045548
5   1   0.35405   0.06365   0.19491   -0.045548
5   1   0.80509   0.93635   0.14595   -0.045548
5   1   0.19491   0.93635   0.14595   -0.045548
5   1   0.56365   0.80509   0.14595   -0.045548
5   1   0.43635   0.80509   0.14595   -0.045548
5   1   0.93635   0.69491   0.14595   -0.045548
5   1   0.06365   0.69491   0.14595   -0.045548
5   1   0.69491   0.56365   0.14595   -0.045548
5   1   0.30509   0.56365   0.14595   -0.045548
5   1   0.69491   0.43635   0.14595   -0.045548
5   1   0.30509   0.43635   0.14595   -0.045548
5   1   0.93635   0.30509   0.14595   -0.045548
5   1   0.06365   0.30509   0.14595   -0.045548
5   1   0.56365   0.19491   0.14595   -0.045548
5   1   0.43635   0.19491   0.14595   -0.045548
5   1   0.80509   0.06365   0.14595   -0.045548
5   1   0.19491   0.06365   0.14595   -0.045548
5   1   0.69491   0.85405   0.06365   -0.045548
5   1   0.30509   0.85405   0.06365   -0.045548
5   1   0.85405   0.80509   0.06365   -0.045548
5   1   0.14595   0.80509   0.06365   -0.045548
5   1   0.64595   0.69491   0.06365   -0.045548
5   1   0.35405   0.69491   0.06365   -0.045548
5   1   0.80509   0.64595   0.06365   -0.045548
5   1   0.19491   0.64595   0.06365   -0.045548
5   1   0.80509   0.35405   0.06365   -0.045548
5   1   0.19491   0.35405   0.06365   -0.045548
5   1   0.64595   0.30509   0.06365   -0.045548
5   1   0.35405   0.30509   0.06365   -0.045548
5   1   0.85405   0.19491   0.06365   -0.045548
5   1   0.14595   0.19491   0.06365   -0.045548
5   1   0.69491   0.14595   0.06365   -0.045548
5   1   0.30509   0.14595   0.06365   -0.045548
5   0.71   0.69719   0.82507   0.86807   -0.045548
5   0.71   0.30281   0.82507   0.86807   -0.045548
5   0.71   0.82507   0.80281   0.86807   -0.045548
5   0.71   0.17493   0.80281   0.86807   -0.045548
5   0.71   0.67493   0.69719   0.86807   -0.045548
5   0.71   0.32507   0.69719   0.86807   -0.045548
5   0.71   0.80281   0.67493   0.86807   -0.045548
5   0.71   0.19719   0.67493   0.86807   -0.045548
5   0.71   0.80281   0.32507   0.86807   -0.045548
5   0.71   0.19719   0.32507   0.86807   -0.045548
5   0.71   0.67493   0.30281   0.86807   -0.045548
5   0.71   0.32507   0.30281   0.86807   -0.045548
5   0.71   0.82507   0.19719   0.86807   -0.045548
5   0.71   0.17493   0.19719   0.86807   -0.045548
5   0.71   0.69719   0.17493   0.86807   -0.045548
5   0.71   0.30281   0.17493   0.86807   -0.045548
5   0.71   0.80281   0.86807   0.82507   -0.045548
5   0.71   0.19719   0.86807   0.82507   -0.045548
5   0.71   0.63193   0.80281   0.82507   -0.045548
5   0.71   0.36807   0.80281   0.82507   -0.045548
5   0.71   0.86807   0.69719   0.82507   -0.045548
5   0.71   0.13193   0.69719   0.82507   -0.045548
5   0.71   0.69719   0.63193   0.82507   -0.045548
5   0.71   0.30281   0.63193   0.82507   -0.045548
5   0.71   0.69719   0.36807   0.82507   -0.045548
5   0.71   0.30281   0.36807   0.82507   -0.045548
5   0.71   0.86807   0.30281   0.82507   -0.045548
5   0.71   0.13193   0.30281   0.82507   -0.045548
5   0.71   0.63193   0.19719   0.82507   -0.045548
5   0.71   0.36807   0.19719   0.82507   -0.045548
5   0.71   0.80281   0.13193   0.82507   -0.045548
5   0.71   0.19719   0.13193   0.82507   -0.045548
5   0.71   0.67493   0.86807   0.80281   -0.045548
5   0.71   0.32507   0.86807   0.80281   -0.045548
5   0.71   0.86807   0.82507   0.80281   -0.045548
5   0.71   0.13193   0.82507   0.80281   -0.045548
5   0.71   0.63193   0.67493   0.80281   -0.045548
5   0.71   0.36807   0.67493   0.80281   -0.045548
5   0.71   0.82507   0.63193   0.80281   -0.045548
5   0.71   0.17493   0.63193   0.80281   -0.045548
5   0.71   0.82507   0.36807   0.80281   -0.045548
5   0.71   0.17493   0.36807   0.80281   -0.045548
5   0.71   0.63193   0.32507   0.80281   -0.045548
5   0.71   0.36807   0.32507   0.80281   -0.045548
5   0.71   0.86807   0.17493   0.80281   -0.045548
5   0.71   0.13193   0.17493   0.80281   -0.045548
5   0.71   0.67493   0.13193   0.80281   -0.045548
5   0.71   0.32507   0.13193   0.80281   -0.045548
5   0.71   0.82507   0.86807   0.69719   -0.045548
5   0.71   0.17493   0.86807   0.69719   -0.045548
5   0.71   0.63193   0.82507   0.69719   -0.045548
5   0.71   0.36807   0.82507   0.69719   -0.045548
5   0.71   0.86807   0.67493   0.69719   -0.045548
5   0.71   0.13193   0.67493   0.69719   -0.045548
5   0.71   0.67493   0.63193   0.69719   -0.045548
5   0.71   0.32507   0.63193   0.69719   -0.045548
5   0.71   0.67493   0.36807   0.69719   -0.045548
5   0.71   0.32507   0.36807   0.69719   -0.045548
5   0.71   0.86807   0.32507   0.69719   -0.045548
5   0.71   0.13193   0.32507   0.69719   -0.045548
5   0.71   0.63193   0.17493   0.69719   -0.045548
5   0.71   0.36807   0.17493   0.69719   -0.045548
5   0.71   0.82507   0.13193   0.69719   -0.045548
5   0.71   0.17493   0.13193   0.69719   -0.045548
5   0.71   0.69719   0.86807   0.67493   -0.045548
5   0.71   0.30281   0.86807   0.67493   -0.045548
5   0.71   0.86807   0.80281   0.67493   -0.045548
5   0.71   0.13193   0.80281   0.67493   -0.045548
5   0.71   0.63193   0.69719   0.67493   -0.045548
5   0.71   0.36807   0.69719   0.67493   -0.045548
5   0.71   0.80281   0.63193   0.67493   -0.045548
5   0.71   0.19719   0.63193   0.67493   -0.045548
5   0.71   0.80281   0.36807   0.67493   -0.045548
5   0.71   0.19719   0.36807   0.67493   -0.045548
5   0.71   0.63193   0.30281   0.67493   -0.045548
5   0.71   0.36807   0.30281   0.67493   -0.045548
5   0.71   0.86807   0.19719   0.67493   -0.045548
5   0.71   0.13193   0.19719   0.67493   -0.045548
5   0.71   0.69719   0.13193   0.67493   -0.045548
5   0.71   0.30281   0.13193   0.67493   -0.045548
5   0.71   0.80281   0.82507   0.63193   -0.045548
5   0.71   0.19719   0.82507   0.63193   -0.045548
5   0.71   0.67493   0.80281   0.63193   -0.045548
5   0.71   0.32507   0.80281   0.63193   -0.045548
5   0.71   0.82507   0.69719   0.63193   -0.045548
5   0.71   0.17493   0.69719   0.63193   -0.045548
5   0.71   0.69719   0.67493   0.63193   -0.045548
5   0.71   0.30281   0.67493   0.63193   -0.045548
5   0.71   0.69719   0.32507   0.63193   -0.045548
5   0.71   0.30281   0.32507   0.63193   -0.045548
5   0.71   0.82507   0.30281   0.63193   -0.045548
5   0.71   0.17493   0.30281   0.63193   -0.045548
5   0.71   0.67493   0.19719   0.63193   -0.045548
5   0.71   0.32507   0.19719   0.63193   -0.045548
5   0.71   0.80281   0.17493   0.63193   -0.045548
5   0.71   0.19719   0.17493   0.63193   -0.045548
5   0.71   0.80281   0.82507   0.36807   -0.045548
5   0.71   0.19719   0.82507   0.36807   -0.045548
5   0.71   0.67493   0.80281   0.36807   -0.045548
5   0.71   0.32507   0.80281   0.36807   -0.045548
5   0.71   0.82507   0.69719   0.36807   -0.045548
5   0.71   0.17493   0.69719   0.36807   -0.045548
5   0.71   0.69719   0.67493   0.36807   -0.045548
5   0.71   0.30281   0.67493   0.36807   -0.045548
5   0.71   0.69719   0.32507   0.36807   -0.045548
5   0.71   0.30281   0.32507   0.36807   -0.045548
5   0.71   0.82507   0.30281   0.36807   -0.045548
5   0.71   0.17493   0.30281   0.36807   -0.045548
5   0.71   0.67493   0.19719   0.36807   -0.045548
5   0.71   0.32507   0.19719   0.36807   -0.045548
5   0.71   0.80281   0.17493   0.36807   -0.045548
5   0.71   0.19719   0.17493   0.36807   -0.045548
5   0.71   0.69719   0.86807   0.32507   -0.045548
5   0.71   0.30281   0.86807   0.32507   -0.045548
5   0.71   0.86807   0.80281   0.32507   -0.045548
5   0.71   0.13193   0.80281   0.32507   -0.045548
5   0.71   0.63193   0.69719   0.32507   -0.045548
5   0.71   0.36807   0.69719   0.32507   -0.045548
5   0.71   0.80281   0.63193   0.32507   -0.045548
5   0.71   0.19719   0.63193   0.32507   -0.045548
5   0.71   0.80281   0.36807   0.32507   -0.045548
5   0.71   0.19719   0.36807   0.32507   -0.045548
5   0.71   0.63193   0.30281   0.32507   -0.045548
5   0.71   0.36807   0.30281   0.32507   -0.045548
5   0.71   0.86807   0.19719   0.32507   -0.045548
5   0.71   0.13193   0.19719   0.32507   -0.045548
5   0.71   0.69719   0.13193   0.32507   -0.045548
5   0.71   0.30281   0.13193   0.32507   -0.045548
5   0.71   0.82507   0.86807   0.30281   -0.045548
5   0.71   0.17493   0.86807   0.30281   -0.045548
5   0.71   0.63193   0.82507   0.30281   -0.045548
5   0.71   0.36807   0.82507   0.30281   -0.045548
5   0.71   0.86807   0.67493   0.30281   -0.045548
5   0.71   0.13193   0.67493   0.30281   -0.045548
5   0.71   0.67493   0.63193   0.30281   -0.045548
5   0.71   0.32507   0.63193   0.30281   -0.045548
5   0.71   0.67493   0.36807   0.30281   -0.045548
5   0.71   0.32507   0.36807   0.30281   -0.045548
5   0.71   0.86807   0.32507   0.30281   -0.045548
5   0.71   0.13193   0.32507   0.30281   -0.045548
5   0.71   0.63193   0.17493   0.30281   -0.045548
5   0.71   0.36807   0.17493   0.30281   -0.045548
5   0.71   0.82507   0.13193   0.30281   -0.045548
5   0.71   0.17493   0.13193   0.30281   -0.045548
5   0.71   0.67493   0.86807   0.19719   -0.045548
5   0.71   0.32507   0.86807   0.19719   -0.045548
5   0.71   0.86807   0.82507   0.19719   -0.045548
5   0.71   0.13193   0.82507   0.19719   -0.045548
5   0.71   0.63193   0.67493   0.19719   -0.045548
5   0.71   0.36807   0.67493   0.19719   -0.045548
5   0.71   0.82507   0.63193   0.19719   -0.045548
5   0.71   0.17493   0.63193   0.19719   -0.045548
5   0.71   0.82507   0.36807   0.19719   -0.045548
5   0.71   0.17493   0.36807   0.19719   -0.045548
5   0.71   0.63193   0.32507   0.19719   -0.045548
5   0.71   0.36807   0.32507   0.19719   -0.045548
5   0.71   0.86807   0.17493   0.19719   -0.045548
5   0.71   0.13193   0.17493   0.19719   -0.045548
5   0.71   0.67493   0.13193   0.19719   -0.045548
5   0.71   0.32507   0.13193   0.19719   -0.045548
5   0.71   0.80281   0.86807   0.17493   -0.045548
5   0.71   0.19719   0.86807   0.17493   -0.045548
5   0.71   0.63193   0.80281   0.17493   -0.045548
5   0.71   0.36807   0.80281   0.17493   -0.045548
5   0.71   0.86807   0.69719   0.17493   -0.045548
5   0.71   0.13193   0.69719   0.17493   -0.045548
5   0.71   0.69719   0.63193   0.17493   -0.045548
5   0.71   0.30281   0.63193   0.17493   -0.045548
5   0.71   0.69719   0.36807   0.17493   -0.045548
5   0.71   0.30281   0.36807   0.17493   -0.045548
5   0.71   0.86807   0.30281   0.17493   -0.045548
5   0.71   0.13193   0.30281   0.17493   -0.045548
5   0.71   0.63193   0.19719   0.17493   -0.045548
5   0.71   0.36807   0.19719   0.17493   -0.045548
5   0.71   0.80281   0.13193   0.17493   -0.045548
5   0.71   0.19719   0.13193   0.17493   -0.045548
5   0.71   0.69719   0.82507   0.13193   -0.045548
5   0.71   0.30281   0.82507   0.13193   -0.045548
5   0.71   0.82507   0.80281   0.13193   -0.045548
5   0.71   0.17493   0.80281   0.13193   -0.045548
5   0.71   0.67493   0.69719   0.13193   -0.045548
5   0.71   0.32507   0.69719   0.13193   -0.045548
5   0.71   0.80281   0.67493   0.13193   -0.045548
5   0.71   0.19719   0.67493   0.13193   -0.045548
5   0.71   0.80281   0.32507   0.13193   -0.045548
5   0.71   0.19719   0.32507   0.13193   -0.045548
5   0.71   0.67493   0.30281   0.13193   -0.045548
5   0.71   0.32507   0.30281   0.13193   -0.045548
5   0.71   0.82507   0.19719   0.13193   -0.045548
5   0.71   0.17493   0.19719   0.13193   -0.045548
5   0.71   0.69719   0.17493   0.13193   -0.045548
5   0.71   0.30281   0.17493   0.13193   -0.045548
5   0.65   0.7658   0.8008   0.84134   -0.045548
5   0.65   0.2342   0.8008   0.84134   -0.045548
5   0.65   0.6992   0.7658   0.84134   -0.045548
5   0.65   0.3008   0.7658   0.84134   -0.045548
5   0.65   0.8008   0.7342   0.84134   -0.045548
5   0.65   0.1992   0.7342   0.84134   -0.045548
5   0.65   0.7342   0.6992   0.84134   -0.045548
5   0.65   0.2658   0.6992   0.84134   -0.045548
5   0.65   0.7342   0.3008   0.84134   -0.045548
5   0.65   0.2658   0.3008   0.84134   -0.045548
5   0.65   0.8008   0.2658   0.84134   -0.045548
5   0.65   0.1992   0.2658   0.84134   -0.045548
5   0.65   0.6992   0.2342   0.84134   -0.045548
5   0.65   0.3008   0.2342   0.84134   -0.045548
5   0.65   0.7658   0.1992   0.84134   -0.045548
5   0.65   0.2342   0.1992   0.84134   -0.045548
5   0.65   0.7342   0.84134   0.8008   -0.045548
5   0.65   0.2658   0.84134   0.8008   -0.045548
5   0.65   0.84134   0.7658   0.8008   -0.045548
5   0.65   0.15866   0.7658   0.8008   -0.045548
5   0.65   0.65866   0.7342   0.8008   -0.045548
5   0.65   0.34134   0.7342   0.8008   -0.045548
5   0.65   0.7658   0.65866   0.8008   -0.045548
5   0.65   0.2342   0.65866   0.8008   -0.045548
5   0.65   0.7658   0.34134   0.8008   -0.045548
5   0.65   0.2342   0.34134   0.8008   -0.045548
5   0.65   0.65866   0.2658   0.8008   -0.045548
5   0.65   0.34134   0.2658   0.8008   -0.045548
5   0.65   0.84134   0.2342   0.8008   -0.045548
5   0.65   0.15866   0.2342   0.8008   -0.045548
5   0.65   0.7342   0.15866   0.8008   -0.045548
5   0.65   0.2658   0.15866   0.8008   -0.045548
5   0.65   0.8008   0.84134   0.7658   -0.045548
5   0.65   0.1992   0.84134   0.7658   -0.045548
5   0.65   0.65866   0.8008   0.7658   -0.045548
5   0.65   0.34134   0.8008   0.7658   -0.045548
5   0.65   0.84134   0.6992   0.7658   -0.045548
5   0.65   0.15866   0.6992   0.7658   -0.045548
5   0.65   0.6992   0.65866   0.7658   -0.045548
5   0.65   0.3008   0.65866   0.7658   -0.045548
5   0.65   0.6992   0.34134   0.7658   -0.045548
5   0.65   0.3008   0.34134   0.7658   -0.045548
5   0.65   0.84134   0.3008   0.7658   -0.045548
5   0.65   0.15866   0.3008   0.7658   -0.045548
5   0.65   0.65866   0.1992   0.7658   -0.045548
5   0.65   0.34134   0.1992   0.7658   -0.045548
5   0.65   0.8008   0.15866   0.7658   -0.045548
5   0.65   0.1992   0.15866   0.7658   -0.045548
5   0.65   0.6992   0.84134   0.7342   -0.045548
5   0.65   0.3008   0.84134   0.7342   -0.045548
5   0.65   0.84134   0.8008   0.7342   -0.045548
5   0.65   0.15866   0.8008   0.7342   -0.045548
5   0.65   0.65866   0.6992   0.7342   -0.045548
5   0.65   0.34134   0.6992   0.7342   -0.045548
5   0.65   0.8008   0.65866   0.7342   -0.045548
5   0.65   0.1992   0.65866   0.7342   -0.045548
5   0.65   0.8008   0.34134   0.7342   -0.045548
5   0.65   0.1992   0.34134   0.7342   -0.045548
5   0.65   0.65866   0.3008   0.7342   -0.045548
5   0.65   0.34134   0.3008   0.7342   -0.045548
5   0.65   0.84134   0.1992   0.7342   -0.045548
5   0.65   0.15866   0.1992   0.7342   -0.045548
5   0.65   0.6992   0.15866   0.7342   -0.045548
5   0.65   0.3008   0.15866   0.7342   -0.045548
5   0.65   0.7658   0.84134   0.6992   -0.045548
5   0.65   0.2342   0.84134   0.6992   -0.045548
5   0.65   0.65866   0.7658   0.6992   -0.045548
5   0.65   0.34134   0.7658   0.6992   -0.045548
5   0.65   0.84134   0.7342   0.6992   -0.045548
5   0.65   0.15866   0.7342   0.6992   -0.045548
5   0.65   0.7342   0.65866   0.6992   -0.045548
5   0.65   0.2658   0.65866   0.6992   -0.045548
5   0.65   0.7342   0.34134   0.6992   -0.045548
5   0.65   0.2658   0.34134   0.6992   -0.045548
5   0.65   0.84134   0.2658   0.6992   -0.045548
5   0.65   0.15866   0.2658   0.6992   -0.045548
5   0.65   0.65866   0.2342   0.6992   -0.045548
5   0.65   0.34134   0.2342   0.6992   -0.045548
5   0.65   0.7658   0.15866   0.6992   -0.045548
5   0.65   0.2342   0.15866   0.6992   -0.045548
5   0.65   0.7342   0.8008   0.65866   -0.045548
5   0.65   0.2658   0.8008   0.65866   -0.045548
5   0.65   0.8008   0.7658   0.65866   -0.045548
5   0.65   0.1992   0.7658   0.65866   -0.045548
5   0.65   0.6992   0.7342   0.65866   -0.045548
5   0.65   0.3008   0.7342   0.65866   -0.045548
5   0.65   0.7658   0.6992   0.65866   -0.045548
5   0.65   0.2342   0.6992   0.65866   -0.045548
5   0.65   0.7658   0.3008   0.65866   -0.045548
5   0.65   0.2342   0.3008   0.65866   -0.045548
5   0.65   0.6992   0.2658   0.65866   -0.045548
5   0.65   0.3008   0.2658   0.65866   -0.045548
5   0.65   0.8008   0.2342   0.65866   -0.045548
5   0.65   0.1992   0.2342   0.65866   -0.045548
5   0.65   0.7342   0.1992   0.65866   -0.045548
5   0.65   0.2658   0.1992   0.65866   -0.045548
5   0.65   0.7342   0.8008   0.34134   -0.045548
5   0.65   0.2658   0.8008   0.34134   -0.045548
5   0.65   0.8008   0.7658   0.34134   -0.045548
5   0.65   0.1992   0.7658   0.34134   -0.045548
5   0.65   0.6992   0.7342   0.34134   -0.045548
5   0.65   0.3008   0.7342   0.34134   -0.045548
5   0.65   0.7658   0.6992   0.34134   -0.045548
5   0.65   0.2342   0.6992   0.34134   -0.045548
5   0.65   0.7658   0.3008   0.34134   -0.045548
5   0.65   0.2342   0.3008   0.34134   -0.045548
5   0.65   0.6992   0.2658   0.34134   -0.045548
5   0.65   0.3008   0.2658   0.34134   -0.045548
5   0.65   0.8008   0.2342   0.34134   -0.045548
5   0.65   0.1992   0.2342   0.34134   -0.045548
5   0.65   0.7342   0.1992   0.34134   -0.045548
5   0.65   0.2658   0.1992   0.34134   -0.045548
5   0.65   0.7658   0.84134   0.3008   -0.045548
5   0.65   0.2342   0.84134   0.3008   -0.045548
5   0.65   0.65866   0.7658   0.3008   -0.045548
5   0.65   0.34134   0.7658   0.3008   -0.045548
5   0.65   0.84134   0.7342   0.3008   -0.045548
5   0.65   0.15866   0.7342   0.3008   -0.045548
5   0.65   0.7342   0.65866   0.3008   -0.045548
5   0.65   0.2658   0.65866   0.3008   -0.045548
5   0.65   0.7342   0.34134   0.3008   -0.045548
5   0.65   0.2658   0.34134   0.3008   -0.045548
5   0.65   0.84134   0.2658   0.3008   -0.045548
5   0.65   0.15866   0.2658   0.3008   -0.045548
5   0.65   0.65866   0.2342   0.3008   -0.045548
5   0.65   0.34134   0.2342   0.3008   -0.045548
5   0.65   0.7658   0.15866   0.3008   -0.045548
5   0.65   0.2342   0.15866   0.3008   -0.045548
5   0.65   0.6992   0.84134   0.2658   -0.045548
5   0.65   0.3008   0.84134   0.2658   -0.045548
5   0.65   0.84134   0.8008   0.2658   -0.045548
5   0.65   0.15866   0.8008   0.2658   -0.045548
5   0.65   0.65866   0.6992   0.2658   -0.045548
5   0.65   0.34134   0.6992   0.2658   -0.045548
5   0.65   0.8008   0.65866   0.2658   -0.045548
5   0.65   0.1992   0.65866   0.2658   -0.045548
5   0.65   0.8008   0.34134   0.2658   -0.045548
5   0.65   0.1992   0.34134   0.2658   -0.045548
5   0.65   0.65866   0.3008   0.2658   -0.045548
5   0.65   0.34134   0.3008   0.2658   -0.045548
5   0.65   0.84134   0.1992   0.2658   -0.045548
5   0.65   0.15866   0.1992   0.2658   -0.045548
5   0.65   0.6992   0.15866   0.2658   -0.045548
5   0.65   0.3008   0.15866   0.2658   -0.045548
5   0.65   0.8008   0.84134   0.2342   -0.045548
5   0.65   0.1992   0.84134   0.2342   -0.045548
5   0.65   0.65866   0.8008   0.2342   -0.045548
5   0.65   0.34134   0.8008   0.2342   -0.045548
5   0.65   0.84134   0.6992   0.2342   -0.045548
5   0.65   0.15866   0.6992   0.2342   -0.045548
5   0.65   0.6992   0.65866   0.2342   -0.045548
5   0.65   0.3008   0.65866   0.2342   -0.045548
5   0.65   0.6992   0.34134   0.2342   -0.045548
5   0.65   0.3008   0.34134   0.2342   -0.045548
5   0.65   0.84134   0.3008   0.2342   -0.045548
5   0.65   0.15866   0.3008   0.2342   -0.045548
5   0.65   0.65866   0.1992   0.2342   -0.045548
5   0.65   0.34134   0.1992   0.2342   -0.045548
5   0.65   0.8008   0.15866   0.2342   -0.045548
5   0.65   0.1992   0.15866   0.2342   -0.045548
5   0.65   0.7342   0.84134   0.1992   -0.045548
5   0.65   0.2658   0.84134   0.1992   -0.045548
5   0.65   0.84134   0.7658   0.1992   -0.045548
5   0.65   0.15866   0.7658   0.1992   -0.045548
5   0.65   0.65866   0.7342   0.1992   -0.045548
5   0.65   0.34134   0.7342   0.1992   -0.045548
5   0.65   0.7658   0.65866   0.1992   -0.045548
5   0.65   0.2342   0.65866   0.1992   -0.045548
5   0.65   0.7658   0.34134   0.1992   -0.045548
5   0.65   0.2342   0.34134   0.1992   -0.045548
5   0.65   0.65866   0.2658   0.1992   -0.045548
5   0.65   0.34134   0.2658   0.1992   -0.045548
5   0.65   0.84134   0.2342   0.1992   -0.045548
5   0.65   0.15866   0.2342   0.1992   -0.045548
5   0.65   0.7342   0.15866   0.1992   -0.045548
5   0.65   0.2658   0.15866   0.1992   -0.045548
5   0.65   0.7658   0.8008   0.15866   -0.045548
5   0.65   0.2342   0.8008   0.15866   -0.045548
5   0.65   0.6992   0.7658   0.15866   -0.045548
5   0.65   0.3008   0.7658   0.15866   -0.045548
5   0.65   0.8008   0.7342   0.15866   -0.045548
5   0.65   0.1992   0.7342   0.15866   -0.045548
5   0.65   0.7342   0.6992   0.15866   -0.045548
5   0.65   0.2658   0.6992   0.15866   -0.045548
5   0.65   0.7342   0.3008   0.15866   -0.045548
5   0.65   0.2658   0.3008   0.15866   -0.045548
5   0.65   0.8008   0.2658   0.15866   -0.045548
5   0.65   0.1992   0.2658   0.15866   -0.045548
5   0.65   0.6992   0.2342   0.15866   -0.045548
5   0.65   0.3008   0.2342   0.15866   -0.045548
5   0.65   0.7658   0.1992   0.15866   -0.045548
5   0.65   0.2342   0.1992   0.15866   -0.045548
5   0.28   0.74272   0.82657   0.87224   -0.045548
5   0.28   0.25728   0.82657   0.87224   -0.045548
5   0.28   0.82657   0.75728   0.87224   -0.045548
5   0.28   0.17343   0.75728   0.87224   -0.045548
5   0.28   0.67343   0.74272   0.87224   -0.045548
5   0.28   0.32657   0.74272   0.87224   -0.045548
5   0.28   0.75728   0.67343   0.87224   -0.045548
5   0.28   0.24272   0.67343   0.87224   -0.045548
5   0.28   0.75728   0.32657   0.87224   -0.045548
5   0.28   0.24272   0.32657   0.87224   -0.045548
5   0.28   0.67343   0.25728   0.87224   -0.045548
5   0.28   0.32657   0.25728   0.87224   -0.045548
5   0.28   0.82657   0.24272   0.87224   -0.045548
5   0.28   0.17343   0.24272   0.87224   -0.045548
5   0.28   0.74272   0.17343   0.87224   -0.045548
5   0.28   0.25728   0.17343   0.87224   -0.045548
5   0.28   0.75728   0.87224   0.82657   -0.045548
5   0.28   0.24272   0.87224   0.82657   -0.045548
5   0.28   0.62776   0.75728   0.82657   -0.045548
5   0.28   0.37224   0.75728   0.82657   -0.045548
5   0.28   0.87224   0.74272   0.82657   -0.045548
5   0.28   0.12776   0.74272   0.82657   -0.045548
5   0.28   0.74272   0.62776   0.82657   -0.045548
5   0.28   0.25728   0.62776   0.82657   -0.045548
5   0.28   0.74272   0.37224   0.82657   -0.045548
5   0.28   0.25728   0.37224   0.82657   -0.045548
5   0.28   0.87224   0.25728   0.82657   -0.045548
5   0.28   0.12776   0.25728   0.82657   -0.045548
5   0.28   0.62776   0.24272   0.82657   -0.045548
5   0.28   0.37224   0.24272   0.82657   -0.045548
5   0.28   0.75728   0.12776   0.82657   -0.045548
5   0.28   0.24272   0.12776   0.82657   -0.045548
5   0.28   0.67343   0.87224   0.75728   -0.045548
5   0.28   0.32657   0.87224   0.75728   -0.045548
5   0.28   0.87224   0.82657   0.75728   -0.045548
5   0.28   0.12776   0.82657   0.75728   -0.045548
5   0.28   0.62776   0.67343   0.75728   -0.045548
5   0.28   0.37224   0.67343   0.75728   -0.045548
5   0.28   0.82657   0.62776   0.75728   -0.045548
5   0.28   0.17343   0.62776   0.75728   -0.045548
5   0.28   0.82657   0.37224   0.75728   -0.045548
5   0.28   0.17343   0.37224   0.75728   -0.045548
5   0.28   0.62776   0.32657   0.75728   -0.045548
5   0.28   0.37224   0.32657   0.75728   -0.045548
5   0.28   0.87224   0.17343   0.75728   -0.045548
5   0.28   0.12776   0.17343   0.75728   -0.045548
5   0.28   0.67343   0.12776   0.75728   -0.045548
5   0.28   0.32657   0.12776   0.75728   -0.045548
5   0.28   0.82657   0.87224   0.74272   -0.045548
5   0.28   0.17343   0.87224   0.74272   -0.045548
5   0.28   0.62776   0.82657   0.74272   -0.045548
5   0.28   0.37224   0.82657   0.74272   -0.045548
5   0.28   0.87224   0.67343   0.74272   -0.045548
5   0.28   0.12776   0.67343   0.74272   -0.045548
5   0.28   0.67343   0.62776   0.74272   -0.045548
5   0.28   0.32657   0.62776   0.74272   -0.045548
5   0.28   0.67343   0.37224   0.74272   -0.045548
5   0.28   0.32657   0.37224   0.74272   -0.045548
5   0.28   0.87224   0.32657   0.74272   -0.045548
5   0.28   0.12776   0.32657   0.74272   -0.045548
5   0.28   0.62776   0.17343   0.74272   -0.045548
5   0.28   0.37224   0.17343   0.74272   -0.045548
5   0.28   0.82657   0.12776   0.74272   -0.045548
5   0.28   0.17343   0.12776   0.74272   -0.045548
5   0.28   0.74272   0.87224   0.67343   -0.045548
5   0.28   0.25728   0.87224   0.67343   -0.045548
5   0.28   0.87224   0.75728   0.67343   -0.045548
5   0.28   0.12776   0.75728   0.67343   -0.045548
5   0.28   0.62776   0.74272   0.67343   -0.045548
5   0.28   0.37224   0.74272   0.67343   -0.045548
5   0.28   0.75728   0.62776   0.67343   -0.045548
5   0.28   0.24272   0.62776   0.67343   -0.045548
5   0.28   0.75728   0.37224   0.67343   -0.045548
5   0.28   0.24272   0.37224   0.67343   -0.045548
5   0.28   0.62776   0.25728   0.67343   -0.045548
5   0.28   0.37224   0.25728   0.67343   -0.045548
5   0.28   0.87224   0.24272   0.67343   -0.045548
5   0.28   0.12776   0.24272   0.67343   -0.045548
5   0.28   0.74272   0.12776   0.67343   -0.045548
5   0.28   0.25728   0.12776   0.67343   -0.045548
5   0.28   0.75728   0.82657   0.62776   -0.045548
5   0.28   0.24272   0.82657   0.62776   -0.045548
5   0.28   0.67343   0.75728   0.62776   -0.045548
5   0.28   0.32657   0.75728   0.62776   -0.045548
5   0.28   0.82657   0.74272   0.62776   -0.045548
5   0.28   0.17343   0.74272   0.62776   -0.045548
5   0.28   0.74272   0.67343   0.62776   -0.045548
5   0.28   0.25728   0.67343   0.62776   -0.045548
5   0.28   0.74272   0.32657   0.62776   -0.045548
5   0.28   0.25728   0.32657   0.62776   -0.045548
5   0.28   0.82657   0.25728   0.62776   -0.045548
5   0.28   0.17343   0.25728   0.62776   -0.045548
5   0.28   0.67343   0.24272   0.62776   -0.045548
5   0.28   0.32657   0.24272   0.62776   -0.045548
5   0.28   0.75728   0.17343   0.62776   -0.045548
5   0.28   0.24272   0.17343   0.62776   -0.045548
5   0.28   0.75728   0.82657   0.37224   -0.045548
5   0.28   0.24272   0.82657   0.37224   -0.045548
5   0.28   0.67343   0.75728   0.37224   -0.045548
5   0.28   0.32657   0.75728   0.37224   -0.045548
5   0.28   0.82657   0.74272   0.37224   -0.045548
5   0.28   0.17343   0.74272   0.37224   -0.045548
5   0.28   0.74272   0.67343   0.37224   -0.045548
5   0.28   0.25728   0.67343   0.37224   -0.045548
5   0.28   0.74272   0.32657   0.37224   -0.045548
5   0.28   0.25728   0.32657   0.37224   -0.045548
5   0.28   0.82657   0.25728   0.37224   -0.045548
5   0.28   0.17343   0.25728   0.37224   -0.045548
5   0.28   0.67343   0.24272   0.37224   -0.045548
5   0.28   0.32657   0.24272   0.37224   -0.045548
5   0.28   0.75728   0.17343   0.37224   -0.045548
5   0.28   0.24272   0.17343   0.37224   -0.045548
5   0.28   0.74272   0.87224   0.32657   -0.045548
5   0.28   0.25728   0.87224   0.32657   -0.045548
5   0.28   0.87224   0.75728   0.32657   -0.045548
5   0.28   0.12776   0.75728   0.32657   -0.045548
5   0.28   0.62776   0.74272   0.32657   -0.045548
5   0.28   0.37224   0.74272   0.32657   -0.045548
5   0.28   0.75728   0.62776   0.32657   -0.045548
5   0.28   0.24272   0.62776   0.32657   -0.045548
5   0.28   0.75728   0.37224   0.32657   -0.045548
5   0.28   0.24272   0.37224   0.32657   -0.045548
5   0.28   0.62776   0.25728   0.32657   -0.045548
5   0.28   0.37224   0.25728   0.32657   -0.045548
5   0.28   0.87224   0.24272   0.32657   -0.045548
5   0.28   0.12776   0.24272   0.32657   -0.045548
5   0.28   0.74272   0.12776   0.32657   -0.045548
5   0.28   0.25728   0.12776   0.32657   -0.045548
5   0.28   0.82657   0.87224   0.25728   -0.045548
5   0.28   0.17343   0.87224   0.25728   -0.045548
5   0.28   0.62776   0.82657   0.25728   -0.045548
5   0.28   0.37224   0.82657   0.25728   -0.045548
5   0.28   0.87224   0.67343   0.25728   -0.045548
5   0.28   0.12776   0.67343   0.25728   -0.045548
5   0.28   0.67343   0.62776   0.25728   -0.045548
5   0.28   0.32657   0.62776   0.25728   -0.045548
5   0.28   0.67343   0.37224   0.25728   -0.045548
5   0.28   0.32657   0.37224   0.25728   -0.045548
5   0.28   0.87224   0.32657   0.25728   -0.045548
5   0.28   0.12776   0.32657   0.25728   -0.045548
5   0.28   0.62776   0.17343   0.25728   -0.045548
5   0.28   0.37224   0.17343   0.25728   -0.045548
5   0.28   0.82657   0.12776   0.25728   -0.045548
5   0.28   0.17343   0.12776   0.25728   -0.045548
5   0.28   0.67343   0.87224   0.24272   -0.045548
5   0.28   0.32657   0.87224   0.24272   -0.045548
5   0.28   0.87224   0.82657   0.24272   -0.045548
5   0.28   0.12776   0.82657   0.24272   -0.045548
5   0.28   0.62776   0.67343   0.24272   -0.045548
5   0.28   0.37224   0.67343   0.24272   -0.045548
5   0.28   0.82657   0.62776   0.24272   -0.045548
5   0.28   0.17343   0.62776   0.24272   -0.045548
5   0.28   0.82657   0.37224   0.24272   -0.045548
5   0.28   0.17343   0.37224   0.24272   -0.045548
5   0.28   0.62776   0.32657   0.24272   -0.045548
5   0.28   0.37224   0.32657   0.24272   -0.045548
5   0.28   0.87224   0.17343   0.24272   -0.045548
5   0.28   0.12776   0.17343   0.24272   -0.045548
5   0.28   0.67343   0.12776   0.24272   -0.045548
5   0.28   0.32657   0.12776   0.24272   -0.045548
5   0.28   0.75728   0.87224   0.17343   -0.045548
5   0.28   0.24272   0.87224   0.17343   -0.045548
5   0.28   0.62776   0.75728   0.17343   -0.045548
5   0.28   0.37224   0.75728   0.17343   -0.045548
5   0.28   0.87224   0.74272   0.17343   -0.045548
5   0.28   0.12776   0.74272   0.17343   -0.045548
5   0.28   0.74272   0.62776   0.17343   -0.045548
5   0.28   0.25728   0.62776   0.17343   -0.045548
5   0.28   0.74272   0.37224   0.17343   -0.045548
5   0.28   0.25728   0.37224   0.17343   -0.045548
5   0.28   0.87224   0.25728   0.17343   -0.045548
5   0.28   0.12776   0.25728   0.17343   -0.045548
5   0.28   0.62776   0.24272   0.17343   -0.045548
5   0.28   0.37224   0.24272   0.17343   -0.045548
5   0.28   0.75728   0.12776   0.17343   -0.045548
5   0.28   0.24272   0.12776   0.17343   -0.045548
5   0.28   0.74272   0.82657   0.12776   -0.045548
5   0.28   0.25728   0.82657   0.12776   -0.045548
5   0.28   0.82657   0.75728   0.12776   -0.045548
5   0.28   0.17343   0.75728   0.12776   -0.045548
5   0.28   0.67343   0.74272   0.12776   -0.045548
5   0.28   0.32657   0.74272   0.12776   -0.045548
5   0.28   0.75728   0.67343   0.12776   -0.045548
5   0.28   0.24272   0.67343   0.12776   -0.045548
5   0.28   0.75728   0.32657   0.12776   -0.045548
5   0.28   0.24272   0.32657   0.12776   -0.045548
5   0.28   0.67343   0.25728   0.12776   -0.045548
5   0.28   0.32657   0.25728   0.12776   -0.045548
5   0.28   0.82657   0.24272   0.12776   -0.045548
5   0.28   0.17343   0.24272   0.12776   -0.045548
5   0.28   0.74272   0.17343   0.12776   -0.045548
5   0.28   0.25728   0.17343   0.12776   -0.045548
5   0.279   0.76593   0.76593   0.76593   -0.045548
5   0.279   0.73407   0.76593   0.76593   -0.045548
5   0.279   0.26593   0.76593   0.76593   -0.045548
5   0.279   0.23407   0.76593   0.76593   -0.045548
5   0.279   0.76593   0.73407   0.76593   -0.045548
5   0.279   0.73407   0.73407   0.76593   -0.045548
5   0.279   0.26593   0.73407   0.76593   -0.045548
5   0.279   0.23407   0.73407   0.76593   -0.045548
5   0.279   0.76593   0.26593   0.76593   -0.045548
5   0.279   0.73407   0.26593   0.76593   -0.045548
5   0.279   0.26593   0.26593   0.76593   -0.045548
5   0.279   0.23407   0.26593   0.76593   -0.045548
5   0.279   0.76593   0.23407   0.76593   -0.045548
5   0.279   0.73407   0.23407   0.76593   -0.045548
5   0.279   0.26593   0.23407   0.76593   -0.045548
5   0.279   0.23407   0.23407   0.76593   -0.045548
5   0.279   0.76593   0.76593   0.73407   -0.045548
5   0.279   0.73407   0.76593   0.73407   -0.045548
5   0.279   0.26593   0.76593   0.73407   -0.045548
5   0.279   0.23407   0.76593   0.73407   -0.045548
5   0.279   0.76593   0.73407   0.73407   -0.045548
5   0.279   0.73407   0.73407   0.73407   -0.045548
5   0.279   0.26593   0.73407   0.73407   -0.045548
5   0.279   0.23407   0.73407   0.73407   -0.045548
5   0.279   0.76593   0.26593   0.73407   -0.045548
5   0.279   0.73407   0.26593   0.73407   -0.045548
5   0.279   0.26593   0.26593   0.73407   -0.045548
5   0.279   0.23407   0.26593   0.73407   -0.045548
5   0.279   0.76593   0.23407   0.73407   -0.045548
5   0.279   0.73407   0.23407   0.73407   -0.045548
5   0.279   0.26593   0.23407   0.73407   -0.045548
5   0.279   0.23407   0.23407   0.73407   -0.045548
5   0.279   0.76593   0.76593   0.26593   -0.045548
5   0.279   0.73407   0.76593   0.26593   -0.045548
5   0.279   0.26593   0.76593   0.26593   -0.045548
5   0.279   0.23407   0.76593   0.26593   -0.045548
5   0.279   0.76593   0.73407   0.26593   -0.045548
5   0.279   0.73407   0.73407   0.26593   -0.045548
5   0.279   0.26593   0.73407   0.26593   -0.045548
5   0.279   0.23407   0.73407   0.26593   -0.045548
5   0.279   0.76593   0.26593   0.26593   -0.045548
5   0.279   0.73407   0.26593   0.26593   -0.045548
5   0.279   0.26593   0.26593   0.26593   -0.045548
5   0.279   0.23407   0.26593   0.26593   -0.045548
5   0.279   0.76593   0.23407   0.26593   -0.045548
5   0.279   0.73407   0.23407   0.26593   -0.045548
5   0.279   0.26593   0.23407   0.26593   -0.045548
5   0.279   0.23407   0.23407   0.26593   -0.045548
5   0.279   0.76593   0.76593   0.23407   -0.045548
5   0.279   0.73407   0.76593   0.23407   -0.045548
5   0.279   0.26593   0.76593   0.23407   -0.045548
5   0.279   0.23407   0.76593   0.23407   -0.045548
5   0.279   0.76593   0.73407   0.23407   -0.045548
5   0.279   0.73407   0.73407   0.23407   -0.045548
5   0.279   0.26593   0.73407   0.23407   -0.045548
5   0.279   0.23407   0.73407   0.23407   -0.045548
5   0.279   0.76593   0.26593   0.23407   -0.045548
5   0.279   0.73407   0.26593   0.23407   -0.045548
5   0.279   0.26593   0.26593   0.23407   -0.045548
5   0.279   0.23407   0.26593   0.23407   -0.045548
5   0.279   0.76593   0.23407   0.23407   -0.045548
5   0.279   0.73407   0.23407   0.23407   -0.045548
5   0.279   0.26593   0.23407   0.23407   -0.045548
5   0.279   0.23407   0.23407   0.23407   -0.045548
39   0.5   0.75   0.75   0.94552   3
39   0.5   0.25   0.75   0.94552   3
39   0.5   0.75   0.25   0.94552   3
39   0.5   0.25   0.25   0.94552   3
39   0.5   0.75   0.94552   0.75   3
39   0.5   0.25   0.94552   0.75   3
39   0.5   0.94552   0.75   0.75   3
39   0.5   0.55448   0.75   0.75   3
39   0.5   0.44552   0.75   0.75   3
39   0.5   0.05448   0.75   0.75   3
39   0.5   0.75   0.55448   0.75   3
39   0.5   0.25   0.55448   0.75   3
39   0.5   0.75   0.44552   0.75   3
39   0.5   0.25   0.44552   0.75   3
39   0.5   0.94552   0.25   0.75   3
39   0.5   0.55448   0.25   0.75   3
39   0.5   0.44552   0.25   0.75   3
39   0.5   0.05448   0.25   0.75   3
39   0.5   0.75   0.05448   0.75   3
39   0.5   0.25   0.05448   0.75   3
39   0.5   0.75   0.75   0.55448   3
39   0.5   0.25   0.75   0.55448   3
39   0.5   0.75   0.25   0.55448   3
39   0.5   0.25   0.25   0.55448   3
39   0.5   0.75   0.75   0.44552   3
39   0.5   0.25   0.75   0.44552   3
39   0.5   0.75   0.25   0.44552   3
39   0.5   0.25   0.25   0.44552   3
39   0.5   0.75   0.94552   0.25   3
39   0.5   0.25   0.94552   0.25   3
39   0.5   0.94552   0.75   0.25   3
39   0.5   0.55448   0.75   0.25   3
39   0.5   0.44552   0.75   0.25   3
39   0.5   0.05448   0.75   0.25   3
39   0.5   0.75   0.55448   0.25   3
39   0.5   0.25   0.55448   0.25   3
39   0.5   0.75   0.44552   0.25   3
39   0.5   0.25   0.44552   0.25   3
39   0.5   0.94552   0.25   0.25   3
39   0.5   0.55448   0.25   0.25   3
39   0.5   0.44552   0.25   0.25   3
39   0.5   0.05448   0.25   0.25   3
39   0.5   0.75   0.05448   0.25   3
39   0.5   0.25   0.05448   0.25   3
39   0.5   0.75   0.75   0.05448   3
39   0.5   0.25   0.75   0.05448   3
39   0.5   0.75   0.25   0.05448   3
39   0.5   0.25   0.25   0.05448   3
