#  lib         NAME  h k l     2*dspacing   emin  DarwinWidth@emin*1.1
# 0               Be 0  1  0       3.9605   3130.51  34.7948
# 1         Iron-bcc 0  1  1       4.0531   3058.97  493.288
# 1         alpha-Fe 0  1  1       4.0537   3058.54  493.256
# 1           Nickel 1  1  1        4.069   3047.01  602.666
# 0          Diamond 1  1  1       4.1186   3010.37  128.79
# 1          Diamond 1  1  1       4.1186   3010.36  128.79
# 0             Iron 1  1  1       4.1465   2990.07  531.189
# 0           Copper 1  1  1       4.1742   2970.25  636.213
# 1           Copper 1  1  1       4.1742   2970.22  636.209
# 0         Graphite 0  1  0       4.2539   2914.59  32.4349
# 1         Tungsten 0  1  1       4.4689   2774.37  1302.69
# 1         Platinum 1  1  1       4.5299   2737.02  1305.53
# 0         Platinum 1  1  1       4.5313   2736.19  1305.87
# 1        Beryllium 0  1  0        4.574   2710.63  43.3288
# 0              LiF 1  1  1       4.6492   2666.8  130.077
# 1         Tantalum 0  1  1       4.6687   2655.62  1235.07
# 1        Aluminium 1  1  1       4.6758   2651.59  239.571
# 0         Aluminum 1  1  1       4.6761   2651.47  239.563
# 0             Gold 1  1  1       4.7091   2632.86  1184.53
# 1             Gold 1  1  1       4.7091   2632.86  1184.53
# 1           Silver 1  1  1       4.7173   2628.29  748.957
# 1              LiH 1  1  1       4.7227   2625.27  33.7008
# 0         Sapphire 1  1  0       4.7581   2605.73  108.771
# 0     AlphaAlumina 1  1  0       4.7588   2605.34  108.715
# 1       VO2_Rutile 0  1  1       4.8387   2562.32  207.203
# 1              MgO 1  1  1       4.8636   2549.23  81.9844
# 1         Graphite 0  1  0        4.912   2524.11  42.316
# 1           Rutile 0  1  1       4.9655   2496.92  178.468
# 0              SiC 1  1  1       5.0206   2469.49  249.092
# 1           SiC-3c 1  1  1       5.0322   2463.82  248.64
# 1             RuO2 0  1  1        5.104   2429.17  334.513
# 0         Titanium 0  1  0       5.1095   2426.52  223.264
# 1  Black_Phosphorus 1  1  1       5.1255   2418.96  185.74
# 0           LiNbO3 1  1  0        5.148   2408.4  161.469
# 1        GaN_cubic 1  1  1       5.2192   2375.52  594.514
# 1        GaN_cubic 1  1  1       5.2192   2375.52  594.514
# 1  SnO2_Cassiterite 0  1  1       5.2859   2345.56  479.117
# 1     Ge_primitive 0  0  1         5.36   2313.14  759.904
# 1     Si-primitive 0  0  1        5.392   2299.41  284.127
# 1   SiFe-primitive 0  0  1        5.392   2299.41  310.274
# 1             FeSi 0  0  1         5.54   2237.98  307.512
# 1           Cr2AlC 0  1  0        5.684   2181.28  240.156
# 1             Lead 1  1  1       5.7167   2168.81  746.735
# 1   GeFe_primitive 0  0  1         5.76   2152.5  145.881
# 1             ZrO2 1  1  1       5.9409   2086.95  318.783
# 1             CoAs 1  0  1       5.9586   2080.75  171.345
# 1             FeRh 0  0  1         5.98   2073.31  254.769
# 1           SiC-6H 0  1  1        6.036   2054.07  111.72
# 1           SiC-4H 0  1  0         6.16   2012.73  107.725
# 1           SiC-4H 0  1  0         6.16   2012.73  107.725
# 1              AlN 0  1  0         6.22   1993.32  237.593
# 1              ZnS 1  1  1       6.2521   1983.07  529.858
# 0              Si2 1  1  1       6.2708   1977.16  259.259
0               Si 1  1  1       6.2708   1977.16  259.259
#1          Silicon 1  1  1        6.271   1977.1  259.248
#0          Si_NIST 1  1  1       6.2714   1976.98  259.225
#1              GaP 1  1  1       6.2937   1969.97  512.41
0              GaP 1  1  1       6.2937   1969.97  512.41
1              AlP 1  1  1       6.3024   1967.27  216.6
1              UO2 1  1  1       6.3162   1962.95  1136.25
1      Molybdenite 0  1  0        6.322   1961.15  299.138
1          Zincite 0  1  0       6.5002   1907.39  488.374
0             NaCl 1  1  1       6.5123   1903.86  49.3421
1            Fe3Si 1  1  1       6.5275   1899.41  229.202
#1             GaAs 1  1  1       6.5278   1899.34  688.11
0             GaAs 1  1  1       6.5283   1899.17  688.047
0               Ge 1  1  1       6.5325   1897.95  691.239
#1        Germanium 1  1  1       6.5331   1897.79  691.18
1          Co2FeSi 1  1  1       6.5333   1897.73  229.221
1            FeBO3 1  1  0       6.5354   1897.13  252.183
1             AlAs 1  1  1       6.5377   1896.45  521.117
1             ZnSe 1  1  1       6.5457   1894.15  679.996
1          Co2TiSi 1  1  1       6.6314   1869.64  145.462
1            AlFe3 1  1  1       6.6973   1851.27  220.38
1     Sapphire_hex 1  1  0       6.7312   1841.92  168.338
1              CdS 1  1  1       6.7342   1841.11  681.086
1              HgS 1  1  1        6.757   1834.91  778.954
#1              InP 1  1  1       6.7766   1829.6  685.948
0              InP 1  1  1       6.7766   1829.6  685.948
0              CsF 1  1  1       6.9374   1787.17  590.674
0             InAs 1  1  1       6.9698   1778.88  793.78
1             CdSe 1  1  1       6.9859   1774.77  772.507
#1             InAs 1  1  1       6.9956   1772.31  791.002
1             HgSe 1  1  1       7.0264   1764.56  875.95
0             GaSb 1  1  1        7.039   1761.4  817.257
#1             GaSb 1  1  1       7.0392   1761.34  817.235
1             ZnTe 1  1  1       7.0479   1759.15  820.77
1              InN 0  1  0         7.08   1751.19  601.337
1             AlSb 1  1  1       7.0847   1750.04  699.235
1             GdSb 1  1  1       7.1811   1726.54  58.7683
0              KCl 1  1  1       7.2665   1706.25  33.4449
1           LiNbO3 1  1  0       7.2808   1702.9  330.829
1           LiTaO3 1  1  0       7.2889   1701.01  401.879
1  La2CuO4_tetragonal 0  1  1       7.3667   1683.03  229.651
1  La(.5)Sr(1.5)MnO4 0  1  1       7.3774   1680.58  58.1483
1          Sr2TiO4 0  1  1       7.4233   1670.2  65.082
1       Forsterite 1  0  1       7.4451   1665.32  38.1882
1             MnAs 0  1  0         7.45   1664.22  232.674
1           CaMnO3 0  0  1        7.458   1662.43  267.825
1             HgTe 1  1  1        7.462   1661.54  997.731
0             InSb 1  1  1       7.4804   1657.46  898.204
1             InSb 1  1  1       7.4812   1657.28  898.124
1             CdTe 1  1  1        7.485   1656.43  891.401
1            Cu3Au 0  0  1       7.4986   1653.43  442.226
1           LaAlO3 0  0  1        7.582   1635.24  522.454
1           LuPtBi 1  1  1       7.5864   1634.3  621.902
1         Sr3Ti2O7 0  1  1       7.6666   1617.21  22.1166
1            SrVO3 0  0  1       7.6818   1614  96.4434
1           CaRuO3 0  0  1        7.696   1611.02  497.897
1     LaNiO3_cubic 0  0  1        7.712   1607.68  200.452
#1     LaNiO3_cubic 0  0  1        7.712   1607.68  200.452
1        Sr4Ti3O10 0  1  1       7.7259   1604.78  41.2634
1           LaMnO3 0  0  1         7.76   1597.73  257.733
1           LaCuO3 0  0  1        7.788   1591.99  174.673
1  La(.7)Sr(.3)MnO3 1  1  0       7.7909   1591.4  868.738
1           SrTiO3 0  0  1         7.81   1587.51  62.8837
1  SrTiO3_tetragonal 1  1  0       7.8142   1586.64  62.6129
1     LaFeO3_cubic 0  0  1        7.864   1576.6  229.716
#1     LaFeO3_cubic 0  0  1        7.864   1576.6  229.716
1         La2O3hex 0  1  0        7.878   1573.8  526.164
1  PbMg.24Nb.48Ti.28O3r 0  0  1       7.9485   1559.84  456.202
1  Bismuth-primitive 0  0  1       7.9849   1552.73  144.899
1  PbMg.24Nb.47Ti.29O3 0  0  1       8.0276   1544.48  436.282
1              LiF 0  0  1       8.0552   1539.18  162.115
1           BaTiO3 0  0  1        8.062   1537.88  308.322
1    Paratellurite 0  1  1       8.1327   1524.51  213.857
1             CsCl 0  0  1       8.2464   1503.49  537.407
1  PZT_PbZr.52Ti.48O3 0  0  1        8.278   1497.76  269.04
0             LaB6 0  0  1       8.3054   1492.81  509.276
1           PbTiO3 0  0  1        8.312   1491.63  543.185
#0        LaB6_NIST 0  0  1       8.3138   1491.3  508.394
1            YAlO3 0  1  1       8.4778   1462.46  48.8246
0      AlphaQuartz 0  1  0       8.5096   1456.99  177.95
1           SmNiO3 1  0  1       8.7134   1422.91  57.7363
1           NaOsO3 0  1  1       8.7518   1416.68  10.129
1  PbMg.25Nb.49Ti.26O3h 0  1  1       8.8151   1406.5  1046.52
1           NdGaO3 1  0  1       8.8846   1395.5  64.7707
1      Tellurium-I 0  1  0        8.912   1391.21  453.685
1       LSAT_cubic 1  1  1       8.9143   1390.85  7.58613
1  LSAT_tetragonal 0  1  1       8.9279   1388.73  9.24956
0        Muscovite 1  1  0       8.9619   1383.46  65.5218
#1             Mica 1  1  0       8.9619   1383.46  65.5218
1           DyScO3 1  0  1       8.9763   1381.25  104.145
1           GdScO3 1  0  1       9.0251   1373.77  82.6037
1           SrRuO3 1  0  1       9.0756   1366.13  12.6223
1   Sapphire_rhomb 0  1  1        9.086   1364.56  190.531
1           NdScO3 1  0  1       9.2186   1344.94  92.8107
1          CsH2PO4 0  0  1       9.2964   1333.68  187.504
1          MgAl2O4 1  1  1       9.3338   1328.34  254.72
1          Li2B4O7 2  0  0        9.475   1308.54  70.3517
1      gamma-Ga2O3 1  1  1        9.512   1303.46  491.606
1         Y3Al5O12 2  1  1        9.803   1264.75  147.857
1            Sc2O3 2  0  0         9.81   1263.86  40.8202
1           Quartz 0  1  0       9.8266   1261.72  224.012
1           PbMoO4 0  1  1       9.9108   1251  212.22
1            PbWO4 0  1  1       9.9493   1246.16  73.9287
0              PET 0  1  1       10.001   1239.77  140.394
1        Gd3Ga5O12 2  1  1       10.111   1226.28  60.5626
1       Cu2ZnSnSe4 0  1  1       10.159   1220.49  165.112
1              KDP 0  1  1       10.173   1218.77  128.274
1     Gd3Sc2Ga3O12 2  1  1       10.283   1205.7  65.4153
1         Lu2O3cub 2  0  0       10.358   1196.99  63.2367
1           PbZrO3 1  1  0       10.529   1177.55  344.601
1              ADP 0  1  1       10.658   1163.35  323.598
1            Gd2O3 2  0  0       10.818   1146.09  50.8915
1          KTiOPO4 0  1  1        10.96   1131.22  316.478
0              KTP 0  1  1       10.967   1130.47  316.286
1             HfO2 1  0  1       11.127   1114.28  141.47
1            Pr2O3 2  0  0        11.15   1111.97  48.3254
1       Ga2O3-beta 0  0  1       11.261   1100.96  161.951
1             NaCl 0  0  1        11.28   1099.19  206.979
1         La2O3cub 2  0  0       11.414   1086.25  118.428
1         Fe2Mo3O8 0  1  0       11.546   1073.79  139.743
1        CaCO3_R3c 0  1  1       11.722   1057.7  100.094
1            Fe2As 0  0  1       11.946   1037.87  850.851
1         Sn2P2Se6 0  1  1        11.99   1034.11  144.401
1              CsF 0  0  1       12.016   1031.83  111.531
1             PbSe 0  0  1       12.234   1013.44  285.885
1              KCl 0  0  1       12.586   985.106  189.915
1             PbTe 0  0  1       12.924   959.333  456.144
1      Bismuth-fcc 0  0  1       13.132   944.125  1178.08
1            Zn3P2 0  1  1       13.228   937.321  21.1208
0             CsCl 0  0  1        14.04   883.078  130.743
1          C9H10N2 0  1  1       14.357   863.56  122.381
1           CsDSO4 0  0  1       14.438   858.723  174.142
0            Beryl 0  1  0       15.741   787.657  583.343
1            Beril 0  0  1       18.379   674.59  109.798
0             YB66 2  0  0        23.44   528.943  67.3796
0             TlAP 0  0  1       25.756   481.38  1091.91
0             RbAP 0  0  1       26.136   474.381  954.392
1          C8H5KO4 0  1  0        26.61   465.934  385.167
0              KAP 0  0  1         27.7   447.596  667.417
#1              KAP 0  0  1         27.7   447.596  460.658
